0.0,-47.0,-47.0,-44.0,-47.0,-44.0,-42.0,-39.0,-41.0,-41.0,-36.0,-36.0,-37.0,-37.0,-34.0,-29.0,-27.0
0.0,-62.0,-66.0,-68.0,-71.0,-77.0,-78.0,-81.0,-77.0,-80.0,-82.0,-83.0,-83.0,-85.0,-90.0,-89.0,-92.0
0.0,-49.0,-56.0,-56.0,-58.0,-51.0,-40.0,-34.0,-32.0,-35.0,-42.0,-38.0,-40.0,-37.0,-38.0,-48.0,-48.0
0.0,-117.0,-133.0,-150.0,-166.0,-181.0,-185.0,-179.0,-195.0,-219.0,-223.0,-230.0,-257.0,-275.0,-273.0,-283.0,-291.0
0.0,-23.0,-25.0,-21.0,-21.0,-22.0,-18.0,-21.0,-23.0,-23.0,-21.0,-21.0,-25.0,-19.0,-18.0,-20.0,-17.0
0.0,-46.0,-47.0,-52.0,-53.0,-52.0,-48.0,-48.0,-44.0,-43.0,-46.0,-45.0,-50.0,-61.0,-65.0,-67.0,-66.0
0.0,-223.0,-238.0,-255.0,-267.0,-267.0,-270.0,-259.0,-256.0,-236.0,-217.0,-215.0,-218.0,-216.0,-200.0,-175.0,-153.0
0.0,-99.0,-75.0,-49.0,-21.0,-2.0,6.0,16.0,21.0,25.0,21.0,19.0,16.0,14.0,15.0,18.0,14.0
0.0,-60.0,-60.0,-66.0,-63.0,-61.0,-60.0,-64.0,-61.0,-60.0,-56.0,-56.0,-54.0,-48.0,-48.0,-47.0,-48.0
0.0,-64.0,-66.0,-65.0,-64.0,-66.0,-64.0,-69.0,-65.0,-63.0,-66.0,-64.0,-69.0,-69.0,-70.0,-72.0,-72.0
0.0,-64.0,-64.0,-64.0,-58.0,-59.0,-60.0,-59.0,-63.0,-61.0,-58.0,-62.0,-61.0,-59.0,-61.0,-58.0,-57.0
0.0,28.0,28.0,26.0,23.0,17.0,15.0,10.0,7.0,6.0,0.0,-1.0,-8.0,-11.0,-10.0,-16.0,-16.0
0.0,-70.0,-72.0,-77.0,-75.0,-83.0,-84.0,-86.0,-87.0,-86.0,-88.0,-88.0,-90.0,-90.0,-94.0,-94.0,-92.0
0.0,73.0,73.0,78.0,76.0,80.0,84.0,83.0,90.0,97.0,100.0,99.0,102.0,103.0,105.0,108.0,114.0
0.0,-38.0,-39.0,-42.0,-39.0,-42.0,-41.0,-38.0,-37.0,-45.0,-44.0,-44.0,-44.0,-46.0,-48.0,-48.0,-47.0
0.0,-17.0,-17.0,-19.0,-22.0,-24.0,-27.0,-31.0,-32.0,-36.0,-34.0,-40.0,-39.0,-41.0,-39.0,-39.0,-41.0
0.0,-45.0,-48.0,-48.0,-50.0,-48.0,-46.0,-45.0,-43.0,-45.0,-42.0,-45.0,-46.0,-46.0,-46.0,-51.0,-50.0
0.0,-81.0,-87.0,-94.0,-95.0,-110.0,-128.0,-145.0,-166.0,-185.0,-188.0,-203.0,-220.0,-232.0,-242.0,-255.0,-262.0
0.0,21.0,26.0,31.0,31.0,34.0,34.0,35.0,37.0,42.0,45.0,39.0,39.0,36.0,33.0,30.0,25.0
0.0,-77.0,-72.0,-70.0,-70.0,-64.0,-67.0,-64.0,-64.0,-63.0,-59.0,-66.0,-62.0,-64.0,-60.0,-67.0,-68.0
0.0,-165.0,-174.0,-195.0,-215.0,-224.0,-242.0,-268.0,-265.0,-268.0,-281.0,-289.0,-297.0,-288.0,-278.0,-255.0,-224.0
0.0,-32.0,-36.0,-34.0,-33.0,-33.0,-34.0,-29.0,-36.0,-32.0,-32.0,-36.0,-34.0,-41.0,-45.0,-49.0,-55.0
0.0,-128.0,-120.0,-100.0,-88.0,-139.0,-206.0,-237.0,-264.0,-298.0,-303.0,-292.0,-280.0,-288.0,-288.0,-283.0,-279.0
0.0,-27.0,-21.0,-21.0,-32.0,-41.0,-46.0,-45.0,-43.0,-48.0,-51.0,-48.0,-42.0,-47.0,-50.0,-44.0,-39.0
0.0,-33.0,-33.0,-37.0,-39.0,-41.0,-40.0,-44.0,-46.0,-47.0,-50.0,-54.0,-57.0,-58.0,-58.0,-61.0,-60.0
0.0,-19.0,-21.0,-26.0,-25.0,-30.0,-33.0,-34.0,-37.0,-36.0,-36.0,-39.0,-38.0,-40.0,-43.0,-37.0,-40.0
0.0,-55.0,-57.0,-56.0,-54.0,-49.0,-51.0,-50.0,-51.0,-50.0,-53.0,-56.0,-55.0,-52.0,-51.0,-54.0,-55.0
0.0,-52.0,-51.0,-46.0,-47.0,-48.0,-52.0,-57.0,-65.0,-71.0,-67.0,-67.0,-70.0,-66.0,-68.0,-68.0,-68.0
0.0,-56.0,-59.0,-57.0,-58.0,-58.0,-56.0,-55.0,-58.0,-61.0,-56.0,-56.0,-54.0,-52.0,-51.0,-48.0,-47.0
0.0,0.0,5.0,9.0,8.0,10.0,14.0,13.0,15.0,13.0,17.0,15.0,15.0,10.0,14.0,7.0,6.0
0.0,-12.0,-11.0,-12.0,-4.0,-7.0,-6.0,-2.0,1.0,1.0,9.0,12.0,14.0,15.0,19.0,26.0,23.0
0.0,-111.0,-131.0,-147.0,-162.0,-174.0,-180.0,-176.0,-200.0,-227.0,-242.0,-243.0,-260.0,-269.0,-273.0,-297.0,-307.0
0.0,-286.0,-250.0,-236.0,-230.0,-212.0,-189.0,-163.0,-140.0,-135.0,-126.0,-121.0,-122.0,-124.0,-121.0,-124.0,-124.0
0.0,-31.0,-36.0,-39.0,-40.0,-41.0,-43.0,-43.0,-46.0,-52.0,-51.0,-52.0,-54.0,-56.0,-53.0,-58.0,-56.0
0.0,54.0,49.0,47.0,43.0,44.0,39.0,30.0,30.0,28.0,17.0,16.0,11.0,4.0,3.0,0.0,-7.0
0.0,31.0,33.0,28.0,24.0,21.0,20.0,20.0,14.0,14.0,6.0,3.0,2.0,-2.0,-4.0,-9.0,-10.0
0.0,-168.0,-169.0,-155.0,-147.0,-127.0,-96.0,-79.0,-73.0,-59.0,-90.0,-154.0,-209.0,-248.0,-281.0,-278.0,-271.0
0.0,-162.0,-176.0,-187.0,-188.0,-194.0,-211.0,-217.0,-228.0,-232.0,-241.0,-244.0,-226.0,-201.0,-168.0,-138.0,-127.0
0.0,-40.0,-38.0,-37.0,-40.0,-37.0,-34.0,-29.0,-23.0,-23.0,-20.0,-17.0,-18.0,-17.0,-9.0,-11.0,-12.0
0.0,-50.0,-49.0,-54.0,-55.0,-54.0,-53.0,-51.0,-53.0,-57.0,-58.0,-56.0,-56.0,-59.0,-62.0,-60.0,-53.0
0.0,-39.0,-36.0,-32.0,-31.0,-29.0,-25.0,-24.0,-25.0,-21.0,-15.0,-14.0,-14.0,-12.0,-5.0,-1.0,-1.0
0.0,-53.0,-54.0,-56.0,-57.0,-59.0,-60.0,-62.0,-61.0,-63.0,-61.0,-64.0,-61.0,-64.0,-58.0,-63.0,-63.0
0.0,-78.0,-81.0,-82.0,-86.0,-88.0,-96.0,-95.0,-98.0,-109.0,-113.0,-119.0,-139.0,-156.0,-178.0,-196.0,-206.0
0.0,12.0,11.0,9.0,4.0,2.0,-1.0,-3.0,-10.0,-11.0,-13.0,-15.0,-20.0,-22.0,-29.0,-27.0,-32.0
0.0,-104.0,-103.0,-103.0,-104.0,-106.0,-107.0,-106.0,-106.0,-106.0,-107.0,-108.0,-105.0,-105.0,-105.0,-103.0,-104.0
0.0,-31.0,-32.0,-38.0,-36.0,-39.0,-37.0,-39.0,-40.0,-40.0,-44.0,-42.0,-44.0,-42.0,-41.0,-44.0,-45.0
0.0,-182.0,-202.0,-229.0,-244.0,-268.0,-317.0,-339.0,-336.0,-344.0,-353.0,-348.0,-327.0,-303.0,-269.0,-228.0,-202.0
0.0,-27.0,-25.0,-20.0,-19.0,-16.0,-14.0,-17.0,-16.0,-16.0,-12.0,-11.0,-16.0,-25.0,-34.0,-34.0,-44.0
0.0,0.0,2.0,3.0,5.0,7.0,5.0,9.0,6.0,7.0,3.0,4.0,2.0,0.0,-5.0,-6.0,-13.0
0.0,-25.0,-24.0,-25.0,-25.0,-23.0,-22.0,-29.0,-29.0,-28.0,-31.0,-28.0,-28.0,-32.0,-32.0,-39.0,-43.0
0.0,-77.0,-79.0,-79.0,-85.0,-86.0,-89.0,-87.0,-78.0,-72.0,-63.0,-56.0,-60.0,-60.0,-53.0,-51.0,-53.0
0.0,-243.0,-252.0,-277.0,-294.0,-288.0,-297.0,-309.0,-320.0,-321.0,-314.0,-301.0,-273.0,-244.0,-227.0,-215.0,-189.0
0.0,-22.0,-26.0,-29.0,-27.0,-24.0,-25.0,-22.0,-21.0,-22.0,-18.0,-16.0,-15.0,-18.0,-15.0,-13.0,-12.0
0.0,-5.0,-6.0,-5.0,0.0,0.0,3.0,9.0,12.0,13.0,15.0,14.0,15.0,14.0,15.0,15.0,14.0
0.0,-77.0,-81.0,-80.0,-69.0,-65.0,-70.0,-76.0,-77.0,-76.0,-78.0,-73.0,-74.0,-75.0,-79.0,-81.0,-81.0
0.0,-53.0,-55.0,-59.0,-60.0,-65.0,-73.0,-73.0,-75.0,-76.0,-75.0,-78.0,-70.0,-72.0,-70.0,-66.0,-64.0
0.0,-56.0,-51.0,-48.0,-54.0,-55.0,-52.0,-52.0,-53.0,-53.0,-57.0,-67.0,-69.0,-73.0,-79.0,-90.0,-97.0
0.0,-47.0,-48.0,-48.0,-50.0,-42.0,-43.0,-38.0,-35.0,-36.0,-39.0,-36.0,-37.0,-38.0,-36.0,-34.0,-30.0
0.0,-74.0,-81.0,-89.0,-94.0,-109.0,-125.0,-141.0,-159.0,-176.0,-173.0,-173.0,-180.0,-195.0,-195.0,-193.0,-205.0
0.0,-149.0,-165.0,-156.0,-153.0,-176.0,-195.0,-208.0,-223.0,-251.0,-265.0,-274.0,-276.0,-284.0,-281.0,-266.0,-244.0
0.0,-43.0,-44.0,-43.0,-40.0,-43.0,-43.0,-43.0,-41.0,-41.0,-41.0,-39.0,-40.0,-38.0,-40.0,-41.0,-42.0
0.0,-47.0,-47.0,-49.0,-47.0,-47.0,-48.0,-47.0,-47.0,-47.0,-47.0,-50.0,-49.0,-50.0,-49.0,-47.0,-52.0
0.0,-58.0,-55.0,-59.0,-56.0,-59.0,-59.0,-59.0,-60.0,-61.0,-61.0,-63.0,-63.0,-59.0,-61.0,-62.0,-62.0
0.0,-222.0,-235.0,-234.0,-256.0,-279.0,-279.0,-283.0,-297.0,-299.0,-296.0,-277.0,-260.0,-228.0,-197.0,-181.0,-171.0
0.0,-83.0,-82.0,-80.0,-83.0,-81.0,-79.0,-81.0,-86.0,-78.0,-80.0,-79.0,-78.0,-79.0,-82.0,-81.0,-82.0
0.0,-18.0,-20.0,-26.0,-33.0,-41.0,-43.0,-47.0,-53.0,-56.0,-62.0,-71.0,-75.0,-82.0,-93.0,-94.0,-94.0
0.0,-256.0,-239.0,-217.0,-185.0,-167.0,-153.0,-128.0,-108.0,-76.0,-52.0,-41.0,-21.0,-13.0,-13.0,-19.0,-14.0
0.0,-72.0,-72.0,-78.0,-76.0,-79.0,-75.0,-75.0,-70.0,-65.0,-63.0,-59.0,-61.0,-70.0,-80.0,-89.0,-87.0
0.0,-5.0,1.0,2.0,7.0,12.0,7.0,14.0,19.0,23.0,26.0,28.0,29.0,36.0,35.0,37.0,38.0
0.0,-59.0,-64.0,-68.0,-67.0,-68.0,-71.0,-73.0,-74.0,-74.0,-79.0,-81.0,-81.0,-85.0,-84.0,-79.0,-84.0
0.0,14.0,17.0,24.0,27.0,31.0,30.0,32.0,35.0,35.0,38.0,37.0,41.0,42.0,39.0,35.0,40.0
0.0,-33.0,-38.0,-43.0,-35.0,-32.0,-36.0,-42.0,-36.0,-41.0,-40.0,-39.0,-40.0,-43.0,-44.0,-46.0,-45.0
0.0,-34.0,-37.0,-37.0,-33.0,-37.0,-34.0,-38.0,-38.0,-33.0,-34.0,-33.0,-32.0,-37.0,-31.0,-35.0,-38.0
0.0,-48.0,-50.0,-48.0,-48.0,-51.0,-47.0,-48.0,-50.0,-51.0,-48.0,-49.0,-50.0,-50.0,-49.0,-52.0,-52.0
0.0,-75.0,-72.0,-73.0,-76.0,-76.0,-77.0,-77.0,-76.0,-71.0,-75.0,-78.0,-78.0,-77.0,-80.0,-76.0,-81.0
0.0,-57.0,-68.0,-71.0,-70.0,-69.0,-70.0,-67.0,-69.0,-72.0,-70.0,-67.0,-68.0,-72.0,-75.0,-75.0,-78.0
0.0,-38.0,-33.0,-31.0,-30.0,-26.0,-26.0,-23.0,-20.0,-17.0,-13.0,-10.0,-10.0,-6.0,-7.0,-1.0,5.0
0.0,-11.0,-12.0,-10.0,-10.0,-9.0,-7.0,-8.0,-6.0,0.0,2.0,2.0,3.0,4.0,10.0,7.0,13.0
0.0,-225.0,-192.0,-177.0,-178.0,-163.0,-140.0,-108.0,-88.0,-73.0,-64.0,-56.0,-50.0,-48.0,-44.0,-41.0,-44.0
0.0,-90.0,-93.0,-92.0,-89.0,-88.0,-90.0,-91.0,-91.0,-90.0,-89.0,-92.0,-88.0,-89.0,-88.0,-91.0,-89.0
0.0,-53.0,-55.0,-56.0,-57.0,-53.0,-51.0,-46.0,-42.0,-40.0,-38.0,-43.0,-52.0,-63.0,-71.0,-68.0,-67.0
0.0,-52.0,-52.0,-51.0,-54.0,-62.0,-60.0,-61.0,-58.0,-57.0,-52.0,-55.0,-56.0,-53.0,-58.0,-59.0,-66.0
0.0,-39.0,-42.0,-46.0,-43.0,-50.0,-48.0,-51.0,-48.0,-50.0,-54.0,-56.0,-53.0,-57.0,-53.0,-53.0,-52.0
0.0,-223.0,-210.0,-203.0,-204.0,-197.0,-176.0,-151.0,-133.0,-108.0,-90.0,-78.0,-72.0,-74.0,-70.0,-66.0,-64.0
0.0,-21.0,-16.0,-16.0,-16.0,-18.0,-12.0,-10.0,-11.0,-8.0,-4.0,6.0,10.0,12.0,15.0,19.0,20.0
0.0,-23.0,-31.0,-30.0,-30.0,-33.0,-36.0,-38.0,-34.0,-30.0,-26.0,-31.0,-28.0,-28.0,-26.0,-25.0,-26.0
0.0,-3.0,-7.0,-6.0,-3.0,-7.0,-4.0,-3.0,-7.0,-7.0,-8.0,-15.0,-15.0,-17.0,-20.0,-20.0,-27.0
0.0,-42.0,-41.0,-44.0,-48.0,-46.0,-48.0,-48.0,-50.0,-55.0,-58.0,-60.0,-62.0,-68.0,-70.0,-67.0,-71.0
0.0,-17.0,-19.0,-24.0,-27.0,-29.0,-32.0,-37.0,-36.0,-40.0,-43.0,-45.0,-47.0,-48.0,-50.0,-52.0,-53.0
0.0,40.0,42.0,43.0,47.0,55.0,58.0,55.0,59.0,54.0,60.0,59.0,59.0,61.0,59.0,57.0,58.0
0.0,-27.0,-29.0,-32.0,-28.0,-35.0,-36.0,-36.0,-34.0,-32.0,-36.0,-39.0,-42.0,-39.0,-43.0,-44.0,-45.0
0.0,-76.0,-77.0,-87.0,-94.0,-100.0,-107.0,-117.0,-132.0,-144.0,-164.0,-171.0,-180.0,-191.0,-197.0,-190.0,-175.0
0.0,-66.0,-65.0,-64.0,-60.0,-63.0,-63.0,-70.0,-77.0,-85.0,-84.0,-83.0,-81.0,-82.0,-83.0,-82.0,-79.0
0.0,-36.0,-35.0,-37.0,-35.0,-36.0,-32.0,-36.0,-32.0,-30.0,-28.0,-24.0,-32.0,-26.0,-24.0,-22.0,-24.0
0.0,-69.0,-67.0,-51.0,-43.0,-53.0,-64.0,-54.0,-49.0,-57.0,-62.0,-51.0,-54.0,-63.0,-57.0,-55.0,-55.0
0.0,-68.0,-68.0,-67.0,-65.0,-67.0,-69.0,-69.0,-69.0,-69.0,-65.0,-65.0,-72.0,-68.0,-72.0,-72.0,-71.0
0.0,-69.0,-68.0,-67.0,-69.0,-64.0,-64.0,-64.0,-69.0,-68.0,-66.0,-64.0,-64.0,-69.0,-67.0,-63.0,-66.0
0.0,-51.0,-49.0,-48.0,-49.0,-49.0,-51.0,-48.0,-51.0,-50.0,-47.0,-47.0,-50.0,-53.0,-49.0,-46.0,-48.0
0.0,-70.0,-72.0,-81.0,-92.0,-105.0,-118.0,-127.0,-135.0,-142.0,-155.0,-155.0,-137.0,-124.0,-120.0,-102.0,-91.0
0.0,-262.0,-285.0,-303.0,-303.0,-287.0,-275.0,-272.0,-266.0,-261.0,-251.0,-222.0,-191.0,-160.0,-122.0,-102.0,-86.0
0.0,-57.0,-57.0,-56.0,-57.0,-60.0,-60.0,-64.0,-60.0,-62.0,-60.0,-64.0,-62.0,-55.0,-61.0,-55.0,-54.0
0.0,-55.0,-53.0,-52.0,-48.0,-45.0,-41.0,-45.0,-40.0,-43.0,-57.0,-65.0,-67.0,-67.0,-66.0,-66.0,-64.0
0.0,-45.0,-46.0,-40.0,-38.0,-37.0,-29.0,-31.0,-33.0,-31.0,-40.0,-38.0,-32.0,-32.0,-23.0,-22.0,-24.0
0.0,14.0,14.0,7.0,7.0,5.0,4.0,8.0,10.0,15.0,14.0,18.0,18.0,23.0,23.0,27.0,29.0
0.0,-70.0,-70.0,-72.0,-78.0,-77.0,-78.0,-77.0,-73.0,-81.0,-83.0,-98.0,-104.0,-107.0,-111.0,-123.0,-142.0
0.0,-37.0,-38.0,-39.0,-37.0,-40.0,-40.0,-36.0,-39.0,-38.0,-36.0,-33.0,-34.0,-37.0,-34.0,-36.0,-38.0
0.0,-68.0,-68.0,-69.0,-77.0,-68.0,-72.0,-73.0,-74.0,-72.0,-74.0,-66.0,-68.0,-66.0,-61.0,-60.0,-64.0
0.0,-91.0,-90.0,-88.0,-89.0,-84.0,-84.0,-82.0,-84.0,-84.0,-83.0,-86.0,-89.0,-82.0,-89.0,-86.0,-86.0
0.0,-19.0,-16.0,-14.0,-14.0,-15.0,-9.0,-5.0,-2.0,2.0,4.0,5.0,9.0,11.0,13.0,13.0,12.0
0.0,-84.0,-84.0,-83.0,-74.0,-77.0,-79.0,-84.0,-89.0,-94.0,-102.0,-105.0,-103.0,-98.0,-101.0,-101.0,-101.0
0.0,-57.0,-59.0,-59.0,-60.0,-61.0,-58.0,-62.0,-63.0,-56.0,-52.0,-56.0,-55.0,-54.0,-54.0,-51.0,-55.0
0.0,-29.0,-25.0,-20.0,-22.0,-23.0,-18.0,-13.0,-13.0,-10.0,-8.0,-6.0,-4.0,-5.0,0.0,5.0,6.0
0.0,15.0,13.0,12.0,8.0,5.0,1.0,0.0,-3.0,-8.0,-11.0,-18.0,-19.0,-18.0,-23.0,-22.0,-23.0
0.0,-22.0,-23.0,-23.0,-20.0,-21.0,-20.0,-18.0,-15.0,-16.0,-15.0,-13.0,-10.0,-8.0,-5.0,-4.0,-3.0
0.0,-215.0,-225.0,-239.0,-243.0,-263.0,-286.0,-289.0,-281.0,-259.0,-239.0,-222.0,-199.0,-180.0,-176.0,-175.0,-173.0
0.0,-123.0,-125.0,-143.0,-165.0,-172.0,-181.0,-176.0,-163.0,-143.0,-114.0,-106.0,-108.0,-110.0,-104.0,-90.0,-65.0
0.0,-117.0,-115.0,-114.0,-116.0,-115.0,-117.0,-120.0,-114.0,-114.0,-116.0,-118.0,-119.0,-118.0,-119.0,-118.0,-118.0
0.0,-71.0,-70.0,-71.0,-69.0,-71.0,-69.0,-70.0,-68.0,-70.0,-72.0,-72.0,-67.0,-69.0,-68.0,-64.0,-61.0
0.0,-55.0,-57.0,-64.0,-64.0,-70.0,-77.0,-86.0,-105.0,-121.0,-138.0,-155.0,-173.0,-190.0,-191.0,-195.0,-216.0
0.0,-54.0,-58.0,-54.0,-51.0,-56.0,-55.0,-59.0,-60.0,-58.0,-49.0,-58.0,-57.0,-55.0,-54.0,-54.0,-57.0
0.0,28.0,33.0,32.0,33.0,35.0,35.0,35.0,35.0,40.0,42.0,47.0,48.0,49.0,53.0,51.0,50.0
0.0,-58.0,-58.0,-55.0,-56.0,-57.0,-56.0,-55.0,-53.0,-54.0,-53.0,-52.0,-54.0,-51.0,-51.0,-52.0,-51.0
0.0,-44.0,-48.0,-45.0,-43.0,-44.0,-44.0,-45.0,-45.0,-44.0,-48.0,-46.0,-45.0,-43.0,-46.0,-49.0,-50.0
0.0,-193.0,-189.0,-195.0,-208.0,-213.0,-234.0,-256.0,-266.0,-258.0,-240.0,-213.0,-182.0,-176.0,-177.0,-171.0,-156.0
0.0,-73.0,-70.0,-69.0,-72.0,-72.0,-80.0,-90.0,-90.0,-88.0,-87.0,-84.0,-85.0,-84.0,-87.0,-85.0,-84.0
0.0,-92.0,-94.0,-96.0,-96.0,-95.0,-97.0,-102.0,-105.0,-110.0,-116.0,-126.0,-129.0,-133.0,-144.0,-164.0,-176.0
0.0,-42.0,-39.0,-35.0,-37.0,-33.0,-32.0,-32.0,-32.0,-32.0,-27.0,-26.0,-23.0,-24.0,-23.0,-18.0,-14.0
0.0,-8.0,-11.0,-16.0,-22.0,-28.0,-27.0,-32.0,-40.0,-39.0,-42.0,-46.0,-44.0,-50.0,-51.0,-47.0,-53.0
0.0,-131.0,-129.0,-129.0,-128.0,-122.0,-122.0,-120.0,-119.0,-117.0,-116.0,-113.0,-109.0,-112.0,-108.0,-102.0,-100.0
0.0,-79.0,-81.0,-81.0,-80.0,-84.0,-83.0,-85.0,-80.0,-82.0,-80.0,-83.0,-81.0,-82.0,-84.0,-82.0,-85.0
0.0,-57.0,-57.0,-55.0,-59.0,-69.0,-80.0,-83.0,-83.0,-77.0,-72.0,-76.0,-80.0,-80.0,-83.0,-80.0,-82.0
0.0,-68.0,-67.0,-66.0,-66.0,-68.0,-67.0,-65.0,-66.0,-71.0,-72.0,-71.0,-71.0,-77.0,-79.0,-80.0,-78.0
0.0,-253.0,-231.0,-203.0,-192.0,-182.0,-188.0,-181.0,-158.0,-143.0,-125.0,-103.0,-84.0,-71.0,-64.0,-62.0,-60.0
0.0,-48.0,-51.0,-51.0,-48.0,-47.0,-47.0,-51.0,-51.0,-53.0,-49.0,-49.0,-56.0,-55.0,-53.0,-55.0,-47.0
0.0,-46.0,-42.0,-37.0,-36.0,-42.0,-44.0,-43.0,-48.0,-42.0,-48.0,-51.0,-61.0,-59.0,-60.0,-70.0,-66.0
0.0,-197.0,-236.0,-253.0,-275.0,-279.0,-259.0,-236.0,-228.0,-226.0,-208.0,-180.0,-151.0,-120.0,-103.0,-90.0,-77.0
0.0,-4.0,-5.0,0.0,1.0,5.0,9.0,8.0,15.0,18.0,20.0,23.0,26.0,31.0,34.0,37.0,40.0
0.0,-34.0,-30.0,-29.0,-29.0,-25.0,-22.0,-20.0,-16.0,-17.0,-15.0,-12.0,-7.0,-5.0,-3.0,2.0,3.0
0.0,-71.0,-74.0,-70.0,-74.0,-72.0,-68.0,-70.0,-72.0,-71.0,-74.0,-80.0,-87.0,-88.0,-97.0,-104.0,-114.0
0.0,-33.0,-35.0,-36.0,-38.0,-30.0,-34.0,-31.0,-28.0,-18.0,-19.0,-22.0,-19.0,-22.0,-27.0,-24.0,-20.0
0.0,-65.0,-61.0,-62.0,-59.0,-61.0,-60.0,-59.0,-61.0,-59.0,-60.0,-57.0,-60.0,-58.0,-58.0,-54.0,-57.0
0.0,-28.0,-32.0,-41.0,-43.0,-48.0,-52.0,-55.0,-55.0,-56.0,-61.0,-68.0,-64.0,-61.0,-64.0,-66.0,-72.0
0.0,-45.0,-47.0,-49.0,-46.0,-49.0,-43.0,-45.0,-47.0,-46.0,-46.0,-46.0,-44.0,-46.0,-48.0,-46.0,-46.0
0.0,-40.0,-43.0,-37.0,-36.0,-37.0,-31.0,-32.0,-32.0,-34.0,-46.0,-54.0,-57.0,-56.0,-54.0,-52.0,-56.0
0.0,-30.0,-27.0,-24.0,-24.0,-18.0,-18.0,-14.0,-15.0,-12.0,-7.0,-10.0,-11.0,-9.0,-11.0,-14.0,-11.0
0.0,-53.0,-52.0,-57.0,-57.0,-52.0,-56.0,-53.0,-53.0,-56.0,-57.0,-56.0,-57.0,-52.0,-56.0,-53.0,-55.0
0.0,-35.0,-36.0,-34.0,-35.0,-29.0,-27.0,-26.0,-23.0,-24.0,-22.0,-16.0,-17.0,-12.0,-14.0,-12.0,-8.0
0.0,-55.0,-60.0,-62.0,-70.0,-77.0,-75.0,-75.0,-72.0,-74.0,-70.0,-71.0,-71.0,-73.0,-72.0,-67.0,-70.0
0.0,-16.0,-15.0,-17.0,-18.0,-16.0,-17.0,-17.0,-19.0,-19.0,-13.0,-14.0,-19.0,-18.0,-19.0,-19.0,-14.0
0.0,-67.0,-70.0,-73.0,-83.0,-91.0,-98.0,-98.0,-96.0,-93.0,-91.0,-91.0,-94.0,-95.0,-94.0,-87.0,-82.0
0.0,-72.0,-70.0,-66.0,-67.0,-67.0,-67.0,-67.0,-69.0,-71.0,-68.0,-64.0,-67.0,-65.0,-71.0,-68.0,-68.0
0.0,-35.0,-34.0,-27.0,-28.0,-29.0,-28.0,-28.0,-26.0,-26.0,-22.0,-25.0,-21.0,-18.0,-16.0,-9.0,-9.0
0.0,-50.0,-53.0,-49.0,-49.0,-48.0,-48.0,-45.0,-49.0,-49.0,-49.0,-50.0,-49.0,-48.0,-50.0,-52.0,-51.0
0.0,-41.0,-41.0,-36.0,-34.0,-32.0,-30.0,-31.0,-29.0,-35.0,-38.0,-32.0,-28.0,-22.0,-18.0,-17.0,-27.0
0.0,-43.0,-37.0,-36.0,-41.0,-39.0,-41.0,-42.0,-39.0,-43.0,-42.0,-44.0,-43.0,-43.0,-42.0,-40.0,-42.0
0.0,-52.0,-52.0,-51.0,-49.0,-53.0,-51.0,-51.0,-53.0,-59.0,-56.0,-55.0,-55.0,-54.0,-56.0,-54.0,-57.0
0.0,-51.0,-48.0,-49.0,-42.0,-38.0,-40.0,-38.0,-39.0,-41.0,-38.0,-36.0,-31.0,-35.0,-39.0,-38.0,-43.0
0.0,-34.0,-39.0,-39.0,-41.0,-40.0,-39.0,-45.0,-54.0,-57.0,-57.0,-59.0,-63.0,-62.0,-63.0,-69.0,-69.0
0.0,-39.0,-39.0,-37.0,-34.0,-37.0,-37.0,-32.0,-35.0,-38.0,-36.0,-32.0,-32.0,-32.0,-31.0,-29.0,-28.0
0.0,-87.0,-84.0,-87.0,-82.0,-86.0,-82.0,-83.0,-86.0,-82.0,-82.0,-85.0,-85.0,-80.0,-85.0,-83.0,-81.0
0.0,-40.0,-42.0,-48.0,-53.0,-56.0,-62.0,-62.0,-65.0,-64.0,-61.0,-60.0,-55.0,-54.0,-50.0,-49.0,-49.0
0.0,-41.0,-41.0,-39.0,-43.0,-42.0,-44.0,-46.0,-40.0,-42.0,-47.0,-44.0,-43.0,-39.0,-37.0,-35.0,-29.0
0.0,67.0,63.0,56.0,56.0,52.0,53.0,54.0,54.0,52.0,55.0,57.0,56.0,55.0,55.0,55.0,58.0
0.0,43.0,43.0,43.0,46.0,48.0,46.0,50.0,47.0,46.0,46.0,42.0,38.0,35.0,29.0,31.0,24.0
0.0,-68.0,-65.0,-67.0,-68.0,-63.0,-67.0,-68.0,-73.0,-72.0,-70.0,-70.0,-73.0,-72.0,-73.0,-72.0,-72.0
0.0,-203.0,-208.0,-230.0,-243.0,-253.0,-249.0,-236.0,-215.0,-178.0,-156.0,-141.0,-119.0,-90.0,-64.0,-40.0,-27.0
0.0,-55.0,-57.0,-58.0,-64.0,-63.0,-63.0,-66.0,-72.0,-68.0,-60.0,-59.0,-62.0,-59.0,-57.0,-55.0,-61.0
0.0,-104.0,-103.0,-100.0,-96.0,-97.0,-91.0,-93.0,-107.0,-114.0,-116.0,-114.0,-115.0,-113.0,-111.0,-112.0,-108.0
0.0,-49.0,-47.0,-43.0,-46.0,-45.0,-51.0,-51.0,-49.0,-49.0,-49.0,-48.0,-47.0,-46.0,-46.0,-44.0,-43.0
0.0,-1.0,3.0,-4.0,-5.0,-10.0,-11.0,-19.0,-20.0,-20.0,-26.0,-27.0,-27.0,-32.0,-33.0,-30.0,-32.0
0.0,-88.0,-89.0,-89.0,-90.0,-89.0,-90.0,-89.0,-87.0,-91.0,-89.0,-89.0,-87.0,-87.0,-89.0,-86.0,-88.0
0.0,-50.0,-48.0,-41.0,-42.0,-39.0,-40.0,-38.0,-39.0,-35.0,-31.0,-32.0,-27.0,-26.0,-20.0,-21.0,-17.0
0.0,-85.0,-88.0,-91.0,-91.0,-88.0,-91.0,-87.0,-90.0,-88.0,-91.0,-95.0,-99.0,-104.0,-106.0,-110.0,-116.0
0.0,11.0,14.0,14.0,18.0,23.0,25.0,27.0,30.0,34.0,34.0,34.0,34.0,33.0,28.0,34.0,32.0
0.0,-83.0,-85.0,-83.0,-75.0,-68.0,-64.0,-64.0,-63.0,-63.0,-66.0,-68.0,-62.0,-54.0,-51.0,-55.0,-58.0
0.0,-93.0,-71.0,-64.0,-50.0,-44.0,-43.0,-48.0,-40.0,-46.0,-50.0,-46.0,-46.0,-44.0,-44.0,-42.0,-46.0
0.0,-61.0,-49.0,-43.0,-47.0,-44.0,-44.0,-43.0,-45.0,-42.0,-42.0,-39.0,-44.0,-40.0,-40.0,-46.0,-40.0
0.0,-63.0,-61.0,-70.0,-73.0,-76.0,-86.0,-100.0,-94.0,-89.0,-88.0,-84.0,-87.0,-87.0,-92.0,-85.0,-84.0
0.0,-116.0,-126.0,-149.0,-166.0,-186.0,-194.0,-184.0,-197.0,-211.0,-208.0,-215.0,-256.0,-289.0,-308.0,-318.0,-339.0
0.0,-57.0,-61.0,-63.0,-62.0,-61.0,-67.0,-69.0,-65.0,-68.0,-69.0,-65.0,-68.0,-67.0,-68.0,-67.0,-67.0
0.0,-90.0,-92.0,-85.0,-87.0,-91.0,-92.0,-88.0,-91.0,-89.0,-91.0,-90.0,-88.0,-90.0,-89.0,-88.0,-91.0
0.0,-74.0,-81.0,-79.0,-75.0,-74.0,-76.0,-74.0,-77.0,-72.0,-77.0,-79.0,-80.0,-78.0,-74.0,-71.0,-71.0
0.0,-39.0,-42.0,-42.0,-43.0,-45.0,-45.0,-48.0,-49.0,-47.0,-52.0,-51.0,-51.0,-50.0,-52.0,-51.0,-54.0
0.0,-125.0,-125.0,-142.0,-167.0,-181.0,-184.0,-209.0,-221.0,-236.0,-246.0,-251.0,-261.0,-250.0,-240.0,-227.0,-196.0
0.0,-58.0,-56.0,-58.0,-54.0,-53.0,-48.0,-52.0,-56.0,-48.0,-54.0,-49.0,-52.0,-55.0,-57.0,-63.0,-65.0
0.0,-50.0,-52.0,-53.0,-52.0,-49.0,-48.0,-50.0,-46.0,-47.0,-44.0,-40.0,-38.0,-40.0,-39.0,-36.0,-33.0
0.0,-44.0,-49.0,-54.0,-58.0,-71.0,-77.0,-71.0,-71.0,-69.0,-72.0,-70.0,-70.0,-70.0,-68.0,-68.0,-68.0
0.0,-14.0,-14.0,-16.0,-17.0,-17.0,-22.0,-22.0,-21.0,-23.0,-24.0,-27.0,-28.0,-27.0,-26.0,-27.0,-26.0
0.0,-80.0,-82.0,-106.0,-107.0,-93.0,-79.0,-83.0,-98.0,-99.0,-94.0,-95.0,-102.0,-89.0,-90.0,-102.0,-89.0
0.0,-166.0,-166.0,-170.0,-180.0,-184.0,-184.0,-191.0,-195.0,-206.0,-212.0,-231.0,-251.0,-272.0,-289.0,-294.0,-288.0
0.0,-24.0,-25.0,-24.0,-25.0,-26.0,-25.0,-24.0,-29.0,-26.0,-25.0,-31.0,-27.0,-29.0,-29.0,-31.0,-28.0
0.0,-45.0,-41.0,-44.0,-38.0,-39.0,-41.0,-40.0,-36.0,-37.0,-41.0,-39.0,-43.0,-44.0,-38.0,-43.0,-42.0
0.0,38.0,38.0,31.0,27.0,26.0,27.0,24.0,16.0,14.0,11.0,8.0,8.0,8.0,7.0,1.0,-1.0
0.0,-127.0,-146.0,-165.0,-180.0,-181.0,-182.0,-195.0,-208.0,-214.0,-221.0,-260.0,-308.0,-316.0,-326.0,-344.0,-358.0
0.0,288.0,285.0,287.0,289.0,284.0,287.0,286.0,287.0,288.0,288.0,291.0,290.0,290.0,290.0,283.0,278.0
0.0,-44.0,-45.0,-44.0,-42.0,-44.0,-42.0,-40.0,-42.0,-43.0,-41.0,-47.0,-47.0,-48.0,-44.0,-42.0,-44.0
0.0,-42.0,-36.0,-39.0,-31.0,-30.0,-31.0,-28.0,-23.0,-22.0,-17.0,-18.0,-15.0,-14.0,-8.0,-6.0,-10.0
0.0,-53.0,-54.0,-55.0,-54.0,-51.0,-48.0,-48.0,-45.0,-43.0,-41.0,-42.0,-49.0,-59.0,-67.0,-64.0,-67.0
0.0,-40.0,-37.0,-40.0,-36.0,-35.0,-29.0,-32.0,-31.0,-24.0,-20.0,-12.0,-12.0,-14.0,-13.0,-10.0,-10.0
0.0,-27.0,-27.0,-27.0,-36.0,-35.0,-35.0,-34.0,-32.0,-36.0,-33.0,-37.0,-33.0,-35.0,-36.0,-31.0,-32.0
0.0,-91.0,-88.0,-99.0,-100.0,-97.0,-99.0,-102.0,-104.0,-105.0,-104.0,-108.0,-111.0,-112.0,-110.0,-109.0,-109.0
0.0,19.0,17.0,16.0,10.0,4.0,4.0,2.0,0.0,-4.0,-8.0,-11.0,-13.0,-17.0,-18.0,-26.0,-24.0
0.0,-62.0,-57.0,-50.0,-47.0,-45.0,-49.0,-49.0,-42.0,-36.0,-34.0,-27.0,-28.0,-26.0,-22.0,-20.0,-24.0
0.0,-43.0,-44.0,-45.0,-47.0,-46.0,-42.0,-45.0,-44.0,-45.0,-48.0,-47.0,-45.0,-37.0,-35.0,-34.0,-33.0
0.0,-62.0,-61.0,-58.0,-55.0,-51.0,-50.0,-57.0,-55.0,-57.0,-63.0,-72.0,-74.0,-74.0,-74.0,-73.0,-72.0
0.0,-51.0,-48.0,-42.0,-47.0,-48.0,-52.0,-52.0,-55.0,-47.0,-40.0,-41.0,-46.0,-48.0,-50.0,-50.0,-48.0
0.0,-22.0,-28.0,-30.0,-31.0,-31.0,-31.0,-32.0,-36.0,-32.0,-32.0,-32.0,-35.0,-35.0,-37.0,-40.0,-35.0
0.0,-48.0,-20.0,-8.0,1.0,9.0,17.0,11.0,16.0,13.0,11.0,6.0,12.0,12.0,12.0,10.0,9.0
0.0,-55.0,-57.0,-61.0,-67.0,-70.0,-72.0,-81.0,-85.0,-95.0,-115.0,-135.0,-163.0,-176.0,-182.0,-196.0,-209.0
0.0,-38.0,-36.0,-36.0,-41.0,-45.0,-42.0,-39.0,-38.0,-35.0,-33.0,-35.0,-35.0,-32.0,-28.0,-31.0,-30.0
0.0,-29.0,-27.0,-25.0,-24.0,-27.0,-22.0,-24.0,-29.0,-31.0,-35.0,-33.0,-27.0,-25.0,-26.0,-24.0,-27.0
0.0,-54.0,-54.0,-55.0,-56.0,-52.0,-54.0,-54.0,-52.0,-57.0,-53.0,-52.0,-54.0,-55.0,-55.0,-63.0,-64.0
0.0,25.0,29.0,39.0,45.0,50.0,45.0,47.0,58.0,63.0,68.0,75.0,72.0,77.0,79.0,83.0,84.0
0.0,-92.0,-137.0,-195.0,-223.0,-253.0,-277.0,-281.0,-278.0,-260.0,-260.0,-252.0,-251.0,-247.0,-221.0,-185.0,-155.0
0.0,-11.0,-23.0,-14.0,-11.0,-1.0,-16.0,-30.0,-26.0,-15.0,-21.0,-17.0,-13.0,-11.0,-13.0,-15.0,1.0
0.0,-36.0,-40.0,-36.0,-31.0,-39.0,-43.0,-50.0,-50.0,-52.0,-60.0,-56.0,-52.0,-51.0,-64.0,-64.0,-63.0
0.0,-71.0,-69.0,-66.0,-68.0,-63.0,-59.0,-56.0,-51.0,-50.0,-47.0,-47.0,-43.0,-39.0,-39.0,-39.0,-42.0
0.0,11.0,14.0,13.0,11.0,18.0,14.0,14.0,17.0,16.0,14.0,14.0,12.0,6.0,4.0,1.0,1.0
0.0,-39.0,-44.0,-43.0,-46.0,-44.0,-53.0,-60.0,-62.0,-57.0,-55.0,-56.0,-61.0,-61.0,-61.0,-58.0,-56.0
0.0,-37.0,-34.0,-35.0,-38.0,-39.0,-38.0,-43.0,-46.0,-43.0,-45.0,-45.0,-38.0,-39.0,-42.0,-42.0,-43.0
0.0,-57.0,-58.0,-53.0,-56.0,-57.0,-59.0,-59.0,-55.0,-58.0,-55.0,-55.0,-56.0,-55.0,-56.0,-55.0,-57.0
0.0,-183.0,-200.0,-199.0,-215.0,-236.0,-252.0,-265.0,-264.0,-262.0,-242.0,-219.0,-204.0,-196.0,-168.0,-137.0,-106.0
0.0,-1.0,5.0,10.0,9.0,14.0,18.0,25.0,22.0,26.0,31.0,33.0,33.0,37.0,38.0,41.0,44.0
0.0,-98.0,-101.0,-105.0,-111.0,-117.0,-127.0,-142.0,-159.0,-180.0,-202.0,-204.0,-215.0,-233.0,-240.0,-242.0,-249.0
0.0,-16.0,-14.0,-16.0,-16.0,-19.0,-22.0,-23.0,-26.0,-30.0,-32.0,-36.0,-39.0,-41.0,-43.0,-49.0,-52.0
0.0,-51.0,-52.0,-53.0,-53.0,-53.0,-54.0,-51.0,-54.0,-55.0,-55.0,-61.0,-55.0,-59.0,-58.0,-57.0,-54.0
0.0,-196.0,-191.0,-185.0,-169.0,-143.0,-123.0,-94.0,-74.0,-57.0,-49.0,-46.0,-45.0,-48.0,-42.0,-43.0,-43.0
0.0,-240.0,-258.0,-269.0,-283.0,-296.0,-293.0,-290.0,-274.0,-251.0,-223.0,-185.0,-166.0,-164.0,-158.0,-158.0,-142.0
0.0,-95.0,-92.0,-96.0,-91.0,-96.0,-103.0,-112.0,-116.0,-115.0,-111.0,-111.0,-110.0,-108.0,-108.0,-109.0,-108.0
0.0,-63.0,-64.0,-64.0,-63.0,-66.0,-65.0,-65.0,-62.0,-60.0,-67.0,-72.0,-78.0,-84.0,-88.0,-103.0,-116.0
0.0,-13.0,-15.0,-12.0,-19.0,-21.0,-18.0,-18.0,-16.0,-21.0,-15.0,-17.0,-15.0,-19.0,-13.0,-16.0,-17.0
0.0,-127.0,-135.0,-142.0,-162.0,-172.0,-188.0,-197.0,-193.0,-176.0,-186.0,-201.0,-209.0,-213.0,-215.0,-219.0,-217.0
0.0,-52.0,-54.0,-52.0,-51.0,-52.0,-55.0,-50.0,-53.0,-51.0,-53.0,-55.0,-51.0,-47.0,-50.0,-46.0,-37.0
0.0,-53.0,-58.0,-63.0,-68.0,-68.0,-68.0,-77.0,-73.0,-73.0,-71.0,-65.0,-70.0,-62.0,-59.0,-60.0,-61.0
0.0,-22.0,-23.0,-22.0,-22.0,-21.0,-24.0,-19.0,-17.0,-18.0,-19.0,-23.0,-24.0,-19.0,-24.0,-25.0,-22.0
0.0,39.0,35.0,34.0,28.0,22.0,17.0,11.0,7.0,3.0,-8.0,-15.0,-14.0,-23.0,-29.0,-31.0,-40.0
0.0,-60.0,-58.0,-59.0,-59.0,-64.0,-75.0,-81.0,-82.0,-83.0,-85.0,-80.0,-80.0,-82.0,-81.0,-83.0,-84.0
0.0,-9.0,-6.0,-4.0,-6.0,-8.0,-10.0,-11.0,-9.0,-14.0,-20.0,-21.0,-26.0,-29.0,-34.0,-37.0,-36.0
0.0,-50.0,-49.0,-48.0,-47.0,-42.0,-36.0,-34.0,-38.0,-39.0,-37.0,-41.0,-43.0,-41.0,-40.0,-45.0,-43.0
0.0,-268.0,-277.0,-280.0,-269.0,-246.0,-221.0,-204.0,-189.0,-164.0,-146.0,-124.0,-96.0,-80.0,-54.0,-44.0,-42.0
0.0,-43.0,-43.0,-37.0,-39.0,-41.0,-38.0,-50.0,-60.0,-64.0,-61.0,-61.0,-62.0,-63.0,-60.0,-63.0,-64.0
0.0,0.0,3.0,3.0,6.0,2.0,0.0,0.0,-8.0,-13.0,-14.0,-10.0,-15.0,-19.0,-23.0,-29.0,-32.0
0.0,-99.0,-92.0,-97.0,-94.0,-94.0,-95.0,-93.0,-96.0,-91.0,-92.0,-90.0,-88.0,-89.0,-86.0,-84.0,-85.0
0.0,-66.0,-77.0,-77.0,-82.0,-86.0,-95.0,-97.0,-102.0,-111.0,-128.0,-140.0,-152.0,-159.0,-159.0,-161.0,-182.0
0.0,-56.0,-58.0,-55.0,-55.0,-54.0,-53.0,-51.0,-51.0,-50.0,-49.0,-51.0,-50.0,-47.0,-51.0,-48.0,-45.0
0.0,3.0,2.0,-2.0,-9.0,-9.0,-9.0,-12.0,-20.0,-23.0,-26.0,-33.0,-33.0,-40.0,-42.0,-41.0,-44.0
0.0,-67.0,-67.0,-62.0,-63.0,-59.0,-56.0,-55.0,-49.0,-46.0,-44.0,-36.0,-35.0,-37.0,-29.0,-27.0,-28.0
0.0,-21.0,-23.0,-25.0,-27.0,-32.0,-28.0,-33.0,-35.0,-36.0,-37.0,-38.0,-41.0,-39.0,-43.0,-44.0,-46.0
0.0,-15.0,-14.0,-13.0,-18.0,-12.0,-11.0,-10.0,-9.0,-8.0,-8.0,-10.0,-5.0,-2.0,0.0,0.0,1.0
0.0,-86.0,-70.0,-63.0,-85.0,-150.0,-208.0,-252.0,-294.0,-300.0,-286.0,-264.0,-254.0,-252.0,-247.0,-239.0,-224.0
0.0,-126.0,-146.0,-166.0,-181.0,-186.0,-197.0,-211.0,-216.0,-220.0,-233.0,-239.0,-246.0,-265.0,-286.0,-279.0,-259.0
0.0,-12.0,-8.0,-1.0,0.0,4.0,6.0,8.0,5.0,8.0,11.0,10.0,11.0,12.0,10.0,6.0,7.0
0.0,-38.0,-36.0,-39.0,-41.0,-39.0,-42.0,-42.0,-42.0,-46.0,-46.0,-44.0,-44.0,-43.0,-44.0,-41.0,-40.0
0.0,-103.0,-104.0,-99.0,-102.0,-99.0,-95.0,-92.0,-94.0,-102.0,-100.0,-97.0,-102.0,-107.0,-110.0,-104.0,-104.0
0.0,-36.0,-39.0,-26.0,-27.0,-32.0,-44.0,-59.0,-56.0,-46.0,-49.0,-57.0,-54.0,-54.0,-56.0,-60.0,-70.0
0.0,8.0,6.0,2.0,-4.0,-5.0,-11.0,-16.0,-18.0,-22.0,-29.0,-33.0,-37.0,-44.0,-45.0,-47.0,-48.0
0.0,-34.0,-36.0,-32.0,-33.0,-33.0,-33.0,-31.0,-30.0,-28.0,-25.0,-23.0,-21.0,-18.0,-20.0,-14.0,-12.0
0.0,-42.0,-46.0,-45.0,-44.0,-49.0,-42.0,-43.0,-40.0,-35.0,-35.0,-30.0,-32.0,-26.0,-27.0,-25.0,-17.0
0.0,-71.0,-137.0,-167.0,-215.0,-265.0,-272.0,-264.0,-263.0,-267.0,-266.0,-269.0,-258.0,-226.0,-192.0,-150.0,-110.0
0.0,-60.0,-63.0,-62.0,-60.0,-61.0,-60.0,-64.0,-64.0,-75.0,-82.0,-80.0,-91.0,-103.0,-106.0,-124.0,-147.0
0.0,-72.0,-70.0,-73.0,-73.0,-71.0,-73.0,-69.0,-70.0,-71.0,-72.0,-70.0,-68.0,-68.0,-71.0,-67.0,-63.0
0.0,-86.0,-84.0,-86.0,-93.0,-97.0,-101.0,-103.0,-106.0,-114.0,-120.0,-124.0,-142.0,-158.0,-182.0,-204.0,-207.0
0.0,-168.0,-167.0,-166.0,-171.0,-168.0,-170.0,-170.0,-169.0,-173.0,-169.0,-166.0,-176.0,-176.0,-171.0,-175.0,-177.0
0.0,-115.0,-125.0,-141.0,-161.0,-176.0,-194.0,-193.0,-183.0,-189.0,-177.0,-157.0,-159.0,-198.0,-235.0,-262.0,-293.0
0.0,-55.0,-52.0,-52.0,-46.0,-46.0,-46.0,-47.0,-43.0,-45.0,-43.0,-48.0,-43.0,-42.0,-40.0,-41.0,-40.0
0.0,-71.0,-85.0,-93.0,-91.0,-88.0,-90.0,-86.0,-88.0,-85.0,-85.0,-87.0,-87.0,-86.0,-85.0,-86.0,-86.0
0.0,-38.0,-38.0,-36.0,-36.0,-37.0,-36.0,-32.0,-33.0,-35.0,-38.0,-37.0,-40.0,-40.0,-38.0,-42.0,-43.0
0.0,-25.0,-22.0,-24.0,-20.0,-21.0,-22.0,-19.0,-23.0,-18.0,-19.0,-19.0,-15.0,-14.0,-15.0,-12.0,-14.0
0.0,3.0,4.0,0.0,-3.0,-5.0,-11.0,-19.0,-21.0,-24.0,-30.0,-31.0,-31.0,-36.0,-38.0,-40.0,-41.0
0.0,-293.0,-270.0,-242.0,-208.0,-193.0,-183.0,-174.0,-169.0,-152.0,-127.0,-102.0,-76.0,-52.0,-38.0,-28.0,-22.0
0.0,-99.0,-101.0,-97.0,-96.0,-97.0,-99.0,-98.0,-99.0,-95.0,-96.0,-96.0,-98.0,-100.0,-95.0,-94.0,-97.0
0.0,-181.0,-176.0,-174.0,-185.0,-190.0,-186.0,-208.0,-238.0,-257.0,-263.0,-293.0,-319.0,-326.0,-303.0,-281.0,-252.0
0.0,-50.0,-44.0,-46.0,-49.0,-46.0,-53.0,-56.0,-42.0,-31.0,-36.0,-43.0,-46.0,-46.0,-49.0,-36.0,-39.0
0.0,-53.0,-51.0,-54.0,-58.0,-54.0,-55.0,-53.0,-54.0,-54.0,-55.0,-59.0,-63.0,-68.0,-68.0,-74.0,-79.0
0.0,16.0,18.0,18.0,19.0,24.0,25.0,29.0,35.0,36.0,35.0,37.0,36.0,41.0,46.0,53.0,54.0
0.0,-59.0,-59.0,-58.0,-59.0,-60.0,-60.0,-62.0,-69.0,-73.0,-77.0,-83.0,-95.0,-98.0,-112.0,-130.0,-146.0
0.0,-79.0,-80.0,-82.0,-84.0,-86.0,-86.0,-79.0,-77.0,-72.0,-74.0,-75.0,-75.0,-74.0,-78.0,-86.0,-100.0
0.0,-9.0,-3.0,-4.0,-1.0,1.0,2.0,9.0,8.0,10.0,11.0,14.0,13.0,10.0,11.0,6.0,7.0
0.0,-82.0,-89.0,-89.0,-90.0,-85.0,-89.0,-88.0,-91.0,-91.0,-85.0,-87.0,-83.0,-89.0,-93.0,-83.0,-88.0
0.0,-52.0,-58.0,-51.0,-52.0,-51.0,-52.0,-56.0,-57.0,-55.0,-53.0,-52.0,-48.0,-54.0,-51.0,-52.0,-52.0
0.0,-58.0,-55.0,-55.0,-54.0,-56.0,-56.0,-63.0,-64.0,-73.0,-77.0,-82.0,-93.0,-103.0,-110.0,-130.0,-139.0
0.0,38.0,41.0,42.0,42.0,45.0,45.0,44.0,40.0,39.0,36.0,33.0,31.0,27.0,23.0,20.0,22.0
0.0,-59.0,-58.0,-60.0,-60.0,-50.0,-53.0,-49.0,-51.0,-49.0,-43.0,-44.0,-43.0,-41.0,-43.0,-40.0,-40.0
0.0,-69.0,-68.0,-70.0,-68.0,-66.0,-64.0,-67.0,-66.0,-68.0,-71.0,-66.0,-65.0,-68.0,-69.0,-70.0,-69.0
0.0,-67.0,-63.0,-66.0,-63.0,-66.0,-63.0,-63.0,-66.0,-63.0,-60.0,-60.0,-57.0,-60.0,-54.0,-56.0,-52.0
0.0,6.0,0.0,-4.0,-12.0,-13.0,-17.0,-20.0,-24.0,-27.0,-26.0,-27.0,-30.0,-31.0,-31.0,-34.0,-31.0
0.0,-85.0,-88.0,-86.0,-84.0,-85.0,-85.0,-90.0,-94.0,-97.0,-98.0,-107.0,-114.0,-118.0,-127.0,-148.0,-161.0
0.0,14.0,15.0,16.0,21.0,20.0,23.0,25.0,29.0,33.0,33.0,37.0,39.0,42.0,44.0,44.0,45.0
0.0,-99.0,-97.0,-96.0,-96.0,-100.0,-99.0,-98.0,-101.0,-96.0,-97.0,-98.0,-94.0,-98.0,-94.0,-96.0,-92.0
0.0,-80.0,-83.0,-83.0,-81.0,-82.0,-81.0,-82.0,-81.0,-82.0,-82.0,-81.0,-79.0,-81.0,-83.0,-84.0,-87.0
0.0,-35.0,-37.0,-38.0,-40.0,-37.0,-34.0,-37.0,-38.0,-40.0,-38.0,-34.0,-27.0,-28.0,-38.0,-27.0,-21.0
0.0,-32.0,-31.0,-30.0,-35.0,-33.0,-36.0,-34.0,-35.0,-38.0,-37.0,-37.0,-36.0,-38.0,-41.0,-38.0,-34.0
0.0,-18.0,-21.0,-20.0,-22.0,-22.0,-22.0,-26.0,-28.0,-27.0,-28.0,-32.0,-29.0,-29.0,-32.0,-31.0,-32.0
0.0,-237.0,-232.0,-224.0,-237.0,-254.0,-264.0,-265.0,-285.0,-308.0,-305.0,-313.0,-325.0,-332.0,-332.0,-317.0,-299.0
0.0,7.0,2.0,0.0,-6.0,-3.0,-7.0,-14.0,-15.0,-19.0,-22.0,-21.0,-27.0,-32.0,-29.0,-35.0,-37.0
0.0,-20.0,-23.0,-27.0,-30.0,-32.0,-34.0,-39.0,-41.0,-46.0,-46.0,-49.0,-53.0,-57.0,-60.0,-62.0,-67.0
0.0,-86.0,-87.0,-87.0,-86.0,-87.0,-85.0,-85.0,-88.0,-85.0,-85.0,-86.0,-90.0,-84.0,-89.0,-87.0,-85.0
0.0,-36.0,-41.0,-40.0,-43.0,-47.0,-46.0,-45.0,-42.0,-43.0,-43.0,-36.0,-34.0,-34.0,-35.0,-39.0,-50.0
0.0,-87.0,-92.0,-86.0,-88.0,-89.0,-88.0,-88.0,-83.0,-85.0,-79.0,-86.0,-81.0,-83.0,-84.0,-80.0,-83.0
0.0,53.0,62.0,65.0,63.0,67.0,70.0,69.0,67.0,70.0,70.0,68.0,63.0,55.0,55.0,45.0,42.0
0.0,-11.0,-11.0,-18.0,-21.0,-23.0,-25.0,-30.0,-34.0,-35.0,-35.0,-38.0,-39.0,-39.0,-42.0,-47.0,-46.0
0.0,-109.0,-109.0,-107.0,-109.0,-110.0,-109.0,-111.0,-111.0,-110.0,-108.0,-108.0,-111.0,-111.0,-116.0,-121.0,-126.0
0.0,113.0,112.0,110.0,109.0,112.0,111.0,110.0,115.0,112.0,111.0,115.0,117.0,120.0,116.0,115.0,118.0
0.0,5.0,6.0,6.0,2.0,-2.0,-2.0,-5.0,-9.0,-14.0,-13.0,-13.0,-20.0,-26.0,-27.0,-32.0,-32.0
0.0,-60.0,-59.0,-60.0,-59.0,-63.0,-62.0,-64.0,-63.0,-61.0,-58.0,-60.0,-62.0,-62.0,-60.0,-60.0,-60.0
0.0,-55.0,-56.0,-56.0,-57.0,-54.0,-54.0,-56.0,-55.0,-54.0,-54.0,-53.0,-58.0,-53.0,-52.0,-50.0,-51.0
0.0,-30.0,-26.0,-29.0,-26.0,-23.0,-20.0,-18.0,-15.0,-16.0,-16.0,-12.0,-9.0,-4.0,2.0,2.0,0.0
0.0,-72.0,-64.0,-63.0,-57.0,-55.0,-55.0,-62.0,-62.0,-57.0,-57.0,-53.0,-50.0,-47.0,-52.0,-53.0,-55.0
0.0,-17.0,-11.0,-7.0,-7.0,-6.0,20.0,8.0,5.0,7.0,10.0,12.0,11.0,12.0,10.0,9.0,7.0
0.0,-29.0,-30.0,-36.0,-41.0,-49.0,-51.0,-53.0,-55.0,-59.0,-63.0,-64.0,-64.0,-65.0,-68.0,-67.0,-64.0
0.0,-36.0,-38.0,-38.0,-39.0,-38.0,-38.0,-37.0,-36.0,-32.0,-36.0,-35.0,-34.0,-39.0,-40.0,-37.0,-35.0
0.0,-63.0,-74.0,-81.0,-92.0,-109.0,-122.0,-131.0,-143.0,-142.0,-133.0,-136.0,-160.0,-179.0,-182.0,-193.0,-216.0
0.0,-50.0,-50.0,-46.0,-51.0,-49.0,-54.0,-62.0,-63.0,-61.0,-66.0,-73.0,-85.0,-84.0,-102.0,-121.0,-143.0
0.0,-119.0,-117.0,-116.0,-115.0,-113.0,-117.0,-113.0,-117.0,-115.0,-115.0,-117.0,-114.0,-112.0,-117.0,-114.0,-112.0
0.0,-44.0,-46.0,-45.0,-42.0,-45.0,-43.0,-40.0,-39.0,-42.0,-36.0,-36.0,-36.0,-39.0,-36.0,-34.0,-32.0
0.0,-47.0,-43.0,-42.0,-39.0,-41.0,-45.0,-47.0,-47.0,-45.0,-48.0,-55.0,-55.0,-60.0,-63.0,-62.0,-65.0
0.0,-40.0,-43.0,-40.0,-35.0,-32.0,-30.0,-30.0,-31.0,-32.0,-38.0,-53.0,-58.0,-57.0,-50.0,-50.0,-54.0
0.0,-259.0,-299.0,-307.0,-300.0,-281.0,-272.0,-273.0,-258.0,-223.0,-190.0,-158.0,-123.0,-97.0,-86.0,-76.0,-73.0
0.0,-30.0,-32.0,-33.0,-32.0,-36.0,-34.0,-36.0,-32.0,-34.0,-31.0,-28.0,-26.0,-23.0,-23.0,-21.0,-23.0
0.0,-94.0,-94.0,-96.0,-94.0,-95.0,-96.0,-95.0,-92.0,-95.0,-95.0,-92.0,-95.0,-95.0,-93.0,-94.0,-96.0
0.0,-74.0,-71.0,-72.0,-69.0,-68.0,-70.0,-63.0,-68.0,-69.0,-75.0,-76.0,-88.0,-84.0,-86.0,-88.0,-84.0
0.0,-68.0,-73.0,-77.0,-79.0,-85.0,-85.0,-83.0,-90.0,-98.0,-106.0,-109.0,-121.0,-144.0,-172.0,-191.0,-205.0
0.0,-37.0,-28.0,-20.0,-16.0,-24.0,-28.0,-32.0,-36.0,-31.0,-23.0,-25.0,-30.0,-37.0,-37.0,-43.0,-37.0
0.0,4.0,3.0,5.0,3.0,-1.0,-1.0,1.0,-6.0,-7.0,-7.0,-13.0,-12.0,-19.0,-21.0,-23.0,-31.0
0.0,-197.0,-206.0,-206.0,-224.0,-237.0,-252.0,-258.0,-253.0,-237.0,-211.0,-196.0,-186.0,-164.0,-135.0,-101.0,-79.0
0.0,-91.0,-77.0,-68.0,-62.0,-63.0,-65.0,-61.0,-66.0,-70.0,-75.0,-72.0,-54.0,-56.0,-65.0,-68.0,-67.0
0.0,-57.0,-51.0,-54.0,-54.0,-55.0,-53.0,-51.0,-54.0,-58.0,-62.0,-63.0,-67.0,-77.0,-76.0,-77.0,-78.0
0.0,-66.0,-64.0,-63.0,-60.0,-63.0,-64.0,-60.0,-64.0,-66.0,-62.0,-66.0,-63.0,-65.0,-63.0,-65.0,-65.0
0.0,-71.0,-67.0,-64.0,-68.0,-64.0,-66.0,-66.0,-67.0,-68.0,-70.0,-68.0,-66.0,-67.0,-68.0,-65.0,-69.0
0.0,12.0,11.0,8.0,0.0,-7.0,-14.0,-17.0,-24.0,-32.0,-34.0,-41.0,-43.0,-51.0,-52.0,-55.0,-58.0
0.0,-66.0,-66.0,-62.0,-57.0,-58.0,-60.0,-61.0,-72.0,-80.0,-81.0,-76.0,-80.0,-78.0,-79.0,-80.0,-79.0
0.0,-70.0,-69.0,-68.0,-71.0,-68.0,-70.0,-70.0,-73.0,-73.0,-69.0,-72.0,-72.0,-72.0,-74.0,-76.0,-78.0
0.0,-46.0,-47.0,-46.0,-44.0,-44.0,-46.0,-46.0,-47.0,-44.0,-43.0,-43.0,-40.0,-37.0,-34.0,-35.0,-33.0
0.0,-62.0,-52.0,-51.0,-48.0,-54.0,-53.0,-57.0,-56.0,-51.0,-45.0,-40.0,-37.0,-45.0,-48.0,-51.0,-52.0
0.0,-36.0,-46.0,-55.0,-61.0,-50.0,-43.0,-36.0,-30.0,-34.0,-46.0,-46.0,-47.0,-44.0,-41.0,-42.0,-45.0
0.0,-64.0,-65.0,-66.0,-69.0,-67.0,-69.0,-73.0,-76.0,-77.0,-81.0,-86.0,-94.0,-103.0,-116.0,-137.0,-155.0
0.0,-118.0,-99.0,-81.0,-61.0,-57.0,-63.0,-57.0,-55.0,-58.0,-58.0,-62.0,-63.0,-64.0,-52.0,-51.0,-53.0
0.0,-72.0,-62.0,-59.0,-61.0,-63.0,-64.0,-51.0,-51.0,-55.0,-55.0,-53.0,-51.0,-56.0,-60.0,-59.0,-55.0
0.0,-79.0,-82.0,-81.0,-91.0,-101.0,-104.0,-105.0,-105.0,-103.0,-103.0,-105.0,-106.0,-104.0,-100.0,-103.0,-99.0
0.0,5.0,5.0,5.0,2.0,7.0,7.0,7.0,1.0,-3.0,-11.0,-10.0,-12.0,-15.0,-20.0,-24.0,-30.0
0.0,-53.0,-57.0,-54.0,-50.0,-54.0,-51.0,-53.0,-52.0,-52.0,-53.0,-54.0,-52.0,-53.0,-53.0,-52.0,-52.0
0.0,-69.0,-68.0,-71.0,-69.0,-68.0,-69.0,-70.0,-73.0,-71.0,-71.0,-71.0,-70.0,-75.0,-73.0,-69.0,-70.0
0.0,62.0,62.0,59.0,55.0,51.0,45.0,44.0,41.0,39.0,33.0,32.0,20.0,15.0,11.0,1.0,0.0
0.0,-47.0,-50.0,-51.0,-49.0,-50.0,-49.0,-49.0,-49.0,-53.0,-50.0,-51.0,-51.0,-51.0,-50.0,-47.0,-49.0
0.0,-79.0,-80.0,-79.0,-76.0,-77.0,-81.0,-77.0,-80.0,-84.0,-76.0,-81.0,-80.0,-81.0,-78.0,-80.0,-83.0
0.0,-48.0,-49.0,-45.0,-49.0,-45.0,-42.0,-43.0,-38.0,-43.0,-40.0,-42.0,-42.0,-37.0,-34.0,-35.0,-35.0
0.0,-37.0,-35.0,-38.0,-40.0,-34.0,-34.0,-37.0,-38.0,-34.0,-36.0,-38.0,-37.0,-38.0,-37.0,-36.0,-35.0
0.0,-37.0,-36.0,-40.0,-41.0,-39.0,-43.0,-41.0,-37.0,-36.0,-42.0,-41.0,-39.0,-35.0,-39.0,-42.0,-40.0
0.0,-13.0,-11.0,-9.0,-3.0,-2.0,-1.0,1.0,-1.0,7.0,6.0,6.0,10.0,15.0,20.0,21.0,28.0
0.0,-58.0,-61.0,-58.0,-63.0,-60.0,-58.0,-58.0,-58.0,-61.0,-59.0,-58.0,-62.0,-61.0,-57.0,-60.0,-61.0
0.0,-58.0,-57.0,-54.0,-53.0,-55.0,-53.0,-53.0,-53.0,-54.0,-52.0,-46.0,-49.0,-48.0,-46.0,-45.0,-42.0
0.0,-35.0,-35.0,-40.0,-44.0,-46.0,-46.0,-47.0,-49.0,-53.0,-51.0,-54.0,-57.0,-55.0,-53.0,-57.0,-52.0
0.0,-39.0,-41.0,-40.0,-40.0,-41.0,-37.0,-35.0,-35.0,-35.0,-30.0,-33.0,-32.0,-31.0,-26.0,-27.0,-24.0
0.0,36.0,33.0,27.0,23.0,24.0,23.0,18.0,17.0,10.0,10.0,11.0,6.0,6.0,3.0,1.0,0.0
0.0,0.0,4.0,3.0,6.0,8.0,10.0,14.0,15.0,16.0,17.0,21.0,19.0,18.0,16.0,15.0,13.0
0.0,-63.0,-67.0,-69.0,-73.0,-79.0,-86.0,-90.0,-97.0,-105.0,-111.0,-127.0,-147.0,-160.0,-175.0,-169.0,-170.0
0.0,-3.0,-6.0,-5.0,-7.0,-6.0,-6.0,-6.0,-7.0,-9.0,-12.0,-14.0,-18.0,-23.0,-24.0,-28.0,-34.0
0.0,-58.0,-66.0,-69.0,-76.0,-80.0,-84.0,-82.0,-80.0,-81.0,-82.0,-81.0,-81.0,-76.0,-70.0,-71.0,-69.0
0.0,-25.0,-23.0,-27.0,-30.0,-29.0,-28.0,-32.0,-35.0,-38.0,-40.0,-45.0,-50.0,-46.0,-51.0,-53.0,-55.0
0.0,-74.0,-72.0,-68.0,-71.0,-76.0,-78.0,-78.0,-78.0,-78.0,-73.0,-69.0,-70.0,-68.0,-67.0,-59.0,-58.0
0.0,480.0,480.0,480.0,480.0,480.0,479.0,480.0,479.0,477.0,473.0,473.0,477.0,472.0,473.0,477.0,472.0
0.0,-83.0,-83.0,-83.0,-83.0,-86.0,-89.0,-86.0,-91.0,-91.0,-90.0,-85.0,-89.0,-91.0,-94.0,-101.0,-104.0
0.0,-145.0,-145.0,-146.0,-147.0,-152.0,-159.0,-165.0,-167.0,-174.0,-167.0,-165.0,-169.0,-163.0,-165.0,-158.0,-162.0
0.0,-57.0,-58.0,-60.0,-65.0,-66.0,-58.0,-52.0,-52.0,-61.0,-56.0,-56.0,-56.0,-56.0,-50.0,-46.0,-49.0
0.0,-25.0,-20.0,-21.0,-19.0,-11.0,-10.0,-9.0,-3.0,-7.0,1.0,-3.0,1.0,2.0,9.0,12.0,14.0
0.0,-15.0,-8.0,-8.0,-10.0,-5.0,-7.0,-11.0,-14.0,-8.0,-7.0,-4.0,-4.0,0.0,-4.0,-7.0,-4.0
0.0,-23.0,-23.0,-27.0,-29.0,-32.0,-29.0,-23.0,-17.0,-17.0,-16.0,-18.0,-20.0,-24.0,-19.0,-19.0,-28.0
0.0,-38.0,-44.0,-47.0,-49.0,-53.0,-53.0,-51.0,-53.0,-57.0,-53.0,-52.0,-52.0,-45.0,-42.0,-39.0,-43.0
0.0,-55.0,-56.0,-52.0,-55.0,-57.0,-53.0,-55.0,-56.0,-55.0,-57.0,-56.0,-57.0,-55.0,-54.0,-55.0,-60.0
0.0,-23.0,-27.0,-22.0,-25.0,-23.0,-17.0,-21.0,-21.0,-20.0,-16.0,-19.0,-19.0,-19.0,-18.0,-16.0,-13.0
0.0,-119.0,-138.0,-153.0,-173.0,-192.0,-204.0,-209.0,-221.0,-233.0,-236.0,-239.0,-249.0,-251.0,-259.0,-286.0,-300.0
0.0,-11.0,-11.0,-18.0,-21.0,-26.0,-30.0,-32.0,-36.0,-34.0,-35.0,-35.0,-39.0,-40.0,-43.0,-42.0,-47.0
0.0,-48.0,-50.0,-46.0,-48.0,-47.0,-51.0,-48.0,-47.0,-49.0,-48.0,-44.0,-47.0,-49.0,-49.0,-44.0,-44.0
0.0,-64.0,-71.0,-77.0,-81.0,-84.0,-81.0,-82.0,-83.0,-77.0,-80.0,-78.0,-75.0,-74.0,-75.0,-71.0,-76.0
0.0,16.0,17.0,11.0,6.0,5.0,-3.0,-1.0,-6.0,-9.0,-16.0,-19.0,-21.0,-23.0,-26.0,-30.0,-27.0
0.0,-35.0,-42.0,-42.0,-39.0,-40.0,-42.0,-45.0,-45.0,-47.0,-45.0,-45.0,-47.0,-44.0,-47.0,-48.0,-47.0
0.0,-67.0,-70.0,-72.0,-71.0,-76.0,-75.0,-75.0,-76.0,-81.0,-72.0,-76.0,-75.0,-69.0,-72.0,-74.0,-72.0
0.0,-72.0,-75.0,-78.0,-83.0,-90.0,-94.0,-103.0,-123.0,-141.0,-157.0,-170.0,-166.0,-167.0,-184.0,-209.0,-218.0
0.0,-130.0,-141.0,-145.0,-154.0,-171.0,-195.0,-210.0,-214.0,-212.0,-224.0,-252.0,-263.0,-262.0,-287.0,-315.0,-325.0
0.0,-50.0,-54.0,-54.0,-51.0,-48.0,-36.0,-38.0,-41.0,-46.0,-48.0,-53.0,-51.0,-55.0,-60.0,-63.0,-66.0
0.0,26.0,29.0,33.0,33.0,31.0,35.0,32.0,25.0,27.0,29.0,24.0,24.0,20.0,10.0,8.0,2.0
0.0,-55.0,-54.0,-53.0,-51.0,-55.0,-52.0,-55.0,-54.0,-52.0,-54.0,-51.0,-54.0,-57.0,-57.0,-52.0,-53.0
0.0,-68.0,-67.0,-66.0,-64.0,-72.0,-69.0,-66.0,-65.0,-61.0,-58.0,-59.0,-51.0,-44.0,-46.0,-47.0,-48.0
0.0,-84.0,-84.0,-82.0,-73.0,-77.0,-76.0,-75.0,-75.0,-76.0,-86.0,-95.0,-100.0,-100.0,-98.0,-96.0,-93.0
0.0,-96.0,-87.0,-80.0,-83.0,-80.0,-79.0,-79.0,-78.0,-77.0,-76.0,-78.0,-73.0,-74.0,-71.0,-71.0,-72.0
0.0,102.0,99.0,102.0,102.0,101.0,101.0,97.0,100.0,97.0,97.0,95.0,95.0,94.0,96.0,101.0,95.0
0.0,-51.0,-48.0,-52.0,-53.0,-48.0,-45.0,-44.0,-50.0,-54.0,-51.0,-51.0,-52.0,-55.0,-60.0,-63.0,-58.0
0.0,-56.0,-58.0,-56.0,-53.0,-51.0,-49.0,-47.0,-43.0,-41.0,-38.0,-38.0,-37.0,-42.0,-61.0,-68.0,-67.0
0.0,-189.0,-202.0,-227.0,-242.0,-248.0,-272.0,-295.0,-289.0,-297.0,-306.0,-309.0,-291.0,-277.0,-257.0,-226.0,-202.0
0.0,-44.0,-44.0,-43.0,-45.0,-42.0,-42.0,-45.0,-41.0,-43.0,-41.0,-35.0,-38.0,-40.0,-38.0,-37.0,-39.0
0.0,-59.0,-64.0,-62.0,-62.0,-60.0,-60.0,-59.0,-59.0,-64.0,-59.0,-66.0,-63.0,-63.0,-69.0,-73.0,-79.0
0.0,-81.0,-85.0,-88.0,-94.0,-99.0,-113.0,-130.0,-146.0,-155.0,-169.0,-163.0,-173.0,-197.0,-210.0,-215.0,-225.0
0.0,-59.0,-60.0,-62.0,-56.0,-58.0,-53.0,-54.0,-50.0,-45.0,-45.0,-47.0,-44.0,-44.0,-45.0,-43.0,-43.0
0.0,18.0,23.0,21.0,28.0,31.0,33.0,35.0,36.0,36.0,39.0,45.0,49.0,48.0,58.0,54.0,53.0
0.0,-84.0,-84.0,-85.0,-84.0,-81.0,-80.0,-80.0,-79.0,-78.0,-73.0,-76.0,-71.0,-68.0,-65.0,-65.0,-62.0
0.0,-83.0,-86.0,-83.0,-87.0,-83.0,-83.0,-84.0,-83.0,-84.0,-80.0,-84.0,-82.0,-83.0,-78.0,-80.0,-78.0
0.0,-107.0,-113.0,-120.0,-121.0,-125.0,-133.0,-142.0,-159.0,-171.0,-182.0,-194.0,-195.0,-192.0,-213.0,-233.0,-234.0
0.0,-52.0,-48.0,-50.0,-48.0,-48.0,-45.0,-48.0,-41.0,-42.0,-38.0,-36.0,-36.0,-35.0,-36.0,-37.0,-32.0
0.0,-96.0,-99.0,-99.0,-100.0,-102.0,-99.0,-96.0,-97.0,-96.0,-93.0,-98.0,-96.0,-95.0,-91.0,-96.0,-95.0
0.0,-70.0,-77.0,-85.0,-94.0,-103.0,-112.0,-118.0,-131.0,-149.0,-161.0,-167.0,-163.0,-155.0,-172.0,-183.0,-180.0
0.0,37.0,31.0,21.0,19.0,8.0,8.0,2.0,0.0,-6.0,-14.0,-15.0,-21.0,-25.0,-28.0,-33.0,-29.0
0.0,-44.0,-47.0,-49.0,-42.0,-49.0,-48.0,-46.0,-45.0,-46.0,-43.0,-46.0,-45.0,-44.0,-45.0,-45.0,-37.0
0.0,-69.0,-68.0,-68.0,-71.0,-73.0,-71.0,-74.0,-80.0,-74.0,-67.0,-64.0,-64.0,-67.0,-68.0,-66.0,-62.0
0.0,-262.0,-269.0,-269.0,-266.0,-264.0,-268.0,-267.0,-263.0,-265.0,-264.0,-268.0,-266.0,-265.0,-262.0,-260.0,-262.0
0.0,-35.0,-40.0,-44.0,-49.0,-54.0,-55.0,-59.0,-64.0,-64.0,-67.0,-76.0,-74.0,-74.0,-80.0,-76.0,-75.0
0.0,-117.0,-125.0,-146.0,-164.0,-178.0,-180.0,-185.0,-210.0,-223.0,-217.0,-226.0,-250.0,-247.0,-244.0,-253.0,-265.0
0.0,-32.0,-34.0,-35.0,-31.0,-28.0,-32.0,-26.0,-26.0,-27.0,-26.0,-24.0,-23.0,-22.0,-20.0,-20.0,-16.0
0.0,-89.0,-90.0,-99.0,-113.0,-110.0,-107.0,-107.0,-108.0,-108.0,-106.0,-110.0,-106.0,-107.0,-106.0,-107.0,-103.0
0.0,-16.0,-18.0,-19.0,-13.0,-20.0,-21.0,-21.0,-18.0,-23.0,-23.0,-22.0,-22.0,-26.0,-24.0,-20.0,-22.0
0.0,-189.0,-188.0,-179.0,-180.0,-204.0,-219.0,-227.0,-239.0,-260.0,-270.0,-273.0,-290.0,-306.0,-312.0,-303.0,-290.0
0.0,-41.0,-47.0,-34.0,-37.0,-54.0,-61.0,-46.0,-48.0,-47.0,-65.0,-98.0,-105.0,-102.0,-95.0,-93.0,-88.0
0.0,-74.0,-82.0,-91.0,-104.0,-118.0,-133.0,-146.0,-156.0,-164.0,-171.0,-155.0,-139.0,-137.0,-127.0,-105.0,-93.0
0.0,-50.0,-46.0,-49.0,-51.0,-46.0,-48.0,-46.0,-48.0,-51.0,-45.0,-48.0,-46.0,-46.0,-45.0,-49.0,-46.0
0.0,-115.0,-113.0,-113.0,-115.0,-117.0,-115.0,-117.0,-118.0,-117.0,-114.0,-114.0,-115.0,-114.0,-117.0,-115.0,-115.0
0.0,-56.0,-59.0,-57.0,-56.0,-57.0,-57.0,-62.0,-60.0,-64.0,-67.0,-72.0,-75.0,-77.0,-85.0,-95.0,-99.0
0.0,-63.0,-63.0,-63.0,-63.0,-63.0,-61.0,-65.0,-65.0,-68.0,-67.0,-63.0,-60.0,-58.0,-54.0,-57.0,-51.0
0.0,-56.0,-57.0,-62.0,-61.0,-64.0,-62.0,-65.0,-63.0,-66.0,-64.0,-67.0,-64.0,-66.0,-65.0,-68.0,-63.0
0.0,-58.0,-62.0,-60.0,-62.0,-63.0,-60.0,-58.0,-52.0,-55.0,-50.0,-49.0,-49.0,-49.0,-56.0,-68.0,-76.0
0.0,-253.0,-277.0,-296.0,-304.0,-297.0,-286.0,-260.0,-229.0,-217.0,-201.0,-174.0,-146.0,-121.0,-96.0,-74.0,-59.0
0.0,6.0,10.0,15.0,14.0,17.0,22.0,27.0,27.0,33.0,32.0,38.0,41.0,42.0,46.0,44.0,42.0
0.0,-55.0,-51.0,-55.0,-55.0,-60.0,-61.0,-54.0,-48.0,-49.0,-46.0,-50.0,-46.0,-51.0,-49.0,-48.0,-54.0
0.0,-112.0,-131.0,-149.0,-165.0,-168.0,-164.0,-177.0,-195.0,-222.0,-219.0,-220.0,-250.0,-259.0,-256.0,-266.0,-277.0
0.0,-34.0,-34.0,-34.0,-32.0,-33.0,-37.0,-39.0,-38.0,-38.0,-36.0,-33.0,-30.0,-23.0,-22.0,-17.0,-15.0
0.0,-68.0,-64.0,-64.0,-61.0,-61.0,-56.0,-61.0,-62.0,-62.0,-59.0,-63.0,-67.0,-71.0,-76.0,-83.0,-89.0
0.0,-48.0,-47.0,-46.0,-44.0,-46.0,-44.0,-40.0,-40.0,-37.0,-35.0,-34.0,-35.0,-30.0,-29.0,-27.0,-23.0
0.0,-43.0,-46.0,-45.0,-48.0,-46.0,-49.0,-46.0,-49.0,-46.0,-52.0,-57.0,-61.0,-62.0,-60.0,-63.0,-70.0
0.0,14.0,8.0,5.0,1.0,0.0,-2.0,-8.0,-7.0,-14.0,-13.0,-18.0,-21.0,-21.0,-25.0,-29.0,-36.0
0.0,-59.0,-60.0,-59.0,-59.0,-59.0,-59.0,-61.0,-58.0,-62.0,-60.0,-63.0,-63.0,-64.0,-64.0,-64.0,-62.0
0.0,-81.0,-89.0,-96.0,-97.0,-106.0,-111.0,-118.0,-136.0,-150.0,-164.0,-177.0,-171.0,-175.0,-196.0,-211.0,-211.0
0.0,-93.0,-93.0,-96.0,-96.0,-94.0,-97.0,-93.0,-94.0,-98.0,-104.0,-109.0,-114.0,-118.0,-132.0,-149.0,-164.0
0.0,-57.0,-61.0,-62.0,-60.0,-59.0,-52.0,-55.0,-49.0,-49.0,-46.0,-47.0,-57.0,-68.0,-74.0,-77.0,-73.0
0.0,-281.0,-277.0,-283.0,-300.0,-312.0,-321.0,-306.0,-297.0,-265.0,-236.0,-221.0,-205.0,-174.0,-147.0,-122.0,-103.0
0.0,-67.0,-68.0,-71.0,-69.0,-69.0,-73.0,-68.0,-68.0,-65.0,-67.0,-66.0,-71.0,-74.0,-75.0,-66.0,-60.0
0.0,-199.0,-212.0,-226.0,-225.0,-243.0,-270.0,-269.0,-277.0,-292.0,-300.0,-303.0,-283.0,-262.0,-223.0,-195.0,-189.0
0.0,-28.0,-24.0,-23.0,-24.0,-21.0,-19.0,-18.0,-17.0,-19.0,-19.0,-18.0,-17.0,-12.0,-13.0,-7.0,-9.0
0.0,-173.0,-167.0,-177.0,-207.0,-227.0,-227.0,-240.0,-256.0,-258.0,-276.0,-288.0,-285.0,-281.0,-258.0,-238.0,-202.0
0.0,-97.0,-96.0,-94.0,-95.0,-96.0,-94.0,-96.0,-95.0,-95.0,-96.0,-98.0,-99.0,-96.0,-96.0,-96.0,-96.0
0.0,-57.0,-57.0,-55.0,-49.0,-55.0,-53.0,-59.0,-71.0,-80.0,-78.0,-77.0,-75.0,-72.0,-73.0,-74.0,-75.0
0.0,-22.0,-17.0,-19.0,-14.0,-13.0,-9.0,-6.0,-7.0,-2.0,-1.0,0.0,2.0,-1.0,2.0,-2.0,-6.0
0.0,-13.0,-12.0,-9.0,-12.0,-9.0,0.0,-9.0,-19.0,-5.0,14.0,21.0,19.0,5.0,10.0,22.0,28.0
0.0,-67.0,-66.0,-67.0,-66.0,-66.0,-62.0,-65.0,-64.0,-64.0,-69.0,-65.0,-66.0,-66.0,-68.0,-68.0,-64.0
0.0,-110.0,-109.0,-102.0,-104.0,-103.0,-102.0,-99.0,-97.0,-99.0,-95.0,-92.0,-89.0,-89.0,-90.0,-83.0,-85.0
0.0,-77.0,-79.0,-80.0,-79.0,-79.0,-83.0,-83.0,-88.0,-94.0,-96.0,-101.0,-113.0,-123.0,-136.0,-153.0,-164.0
0.0,-63.0,-64.0,-62.0,-64.0,-69.0,-71.0,-67.0,-66.0,-68.0,-66.0,-68.0,-62.0,-63.0,-63.0,-63.0,-64.0
0.0,-37.0,-32.0,-35.0,-35.0,-33.0,-37.0,-36.0,-39.0,-38.0,-38.0,-40.0,-35.0,-37.0,-39.0,-34.0,-33.0
0.0,-16.0,-19.0,-10.0,-14.0,-16.0,-22.0,-25.0,-26.0,-26.0,-22.0,-31.0,-31.0,-16.0,-14.0,-16.0,-23.0
0.0,-3.0,-1.0,-1.0,1.0,1.0,3.0,4.0,5.0,8.0,15.0,14.0,15.0,21.0,21.0,24.0,24.0
0.0,-97.0,-96.0,-98.0,-97.0,-97.0,-95.0,-94.0,-98.0,-95.0,-92.0,-96.0,-104.0,-108.0,-113.0,-126.0,-130.0
0.0,47.0,49.0,48.0,44.0,37.0,34.0,34.0,34.0,29.0,26.0,22.0,21.0,18.0,13.0,9.0,5.0
0.0,-113.0,-129.0,-144.0,-155.0,-170.0,-169.0,-158.0,-162.0,-181.0,-188.0,-188.0,-199.0,-226.0,-234.0,-250.0,-255.0
0.0,-31.0,-31.0,-29.0,-30.0,-31.0,-31.0,-31.0,-28.0,-28.0,-29.0,-31.0,-34.0,-32.0,-30.0,-34.0,-37.0
0.0,-21.0,-20.0,-18.0,-11.0,-5.0,-10.0,-5.0,1.0,3.0,6.0,9.0,10.0,16.0,15.0,20.0,21.0
0.0,-75.0,-73.0,-72.0,-75.0,-75.0,-76.0,-72.0,-72.0,-74.0,-73.0,-71.0,-73.0,-73.0,-71.0,-75.0,-71.0
0.0,-39.0,-39.0,-43.0,-37.0,-36.0,-38.0,-40.0,-36.0,-36.0,-35.0,-34.0,-38.0,-32.0,-32.0,-33.0,-30.0
0.0,-74.0,-70.0,-71.0,-66.0,-67.0,-62.0,-66.0,-67.0,-72.0,-74.0,-71.0,-68.0,-61.0,-54.0,-53.0,-57.0
0.0,-74.0,-73.0,-75.0,-72.0,-70.0,-73.0,-74.0,-70.0,-76.0,-71.0,-69.0,-73.0,-71.0,-67.0,-69.0,-75.0
0.0,-47.0,-53.0,-51.0,-49.0,-46.0,-46.0,-44.0,-47.0,-47.0,-49.0,-49.0,-45.0,-45.0,-48.0,-50.0,-54.0
0.0,3.0,5.0,5.0,6.0,5.0,6.0,6.0,5.0,9.0,6.0,8.0,12.0,16.0,19.0,18.0,14.0
0.0,-52.0,-51.0,-48.0,-55.0,-53.0,-58.0,-71.0,-76.0,-74.0,-73.0,-73.0,-73.0,-70.0,-70.0,-68.0,-71.0
0.0,-43.0,-41.0,-39.0,-36.0,-40.0,-34.0,-40.0,-39.0,-40.0,-39.0,-36.0,-34.0,-34.0,-36.0,-35.0,-34.0
0.0,-63.0,-61.0,-63.0,-63.0,-65.0,-65.0,-64.0,-64.0,-60.0,-64.0,-64.0,-65.0,-64.0,-68.0,-66.0,-67.0
0.0,-104.0,-109.0,-123.0,-126.0,-133.0,-151.0,-169.0,-179.0,-192.0,-187.0,-179.0,-195.0,-205.0,-202.0,-205.0,-233.0
0.0,-36.0,-35.0,-35.0,-34.0,-29.0,-32.0,-32.0,-30.0,-29.0,-29.0,-24.0,-25.0,-23.0,-25.0,-22.0,-19.0
0.0,-72.0,-71.0,-73.0,-71.0,-74.0,-71.0,-74.0,-75.0,-71.0,-72.0,-73.0,-73.0,-76.0,-74.0,-74.0,-71.0
0.0,-19.0,-22.0,-21.0,-22.0,-23.0,-24.0,-21.0,-23.0,-24.0,-23.0,-24.0,-21.0,-19.0,-22.0,-21.0,-20.0
0.0,-171.0,-167.0,-160.0,-143.0,-123.0,-101.0,-74.0,-67.0,-51.0,-46.0,-42.0,-42.0,-43.0,-40.0,-41.0,-44.0
0.0,2.0,0.0,-1.0,-2.0,-7.0,-14.0,-12.0,-18.0,-16.0,-18.0,-25.0,-32.0,-37.0,-32.0,-38.0,-45.0
0.0,-86.0,-85.0,-87.0,-83.0,-84.0,-84.0,-84.0,-86.0,-86.0,-87.0,-86.0,-83.0,-79.0,-82.0,-84.0,-83.0
0.0,-67.0,-64.0,-70.0,-72.0,-71.0,-72.0,-72.0,-72.0,-75.0,-72.0,-73.0,-73.0,-75.0,-77.0,-75.0,-79.0
0.0,-146.0,-143.0,-145.0,-144.0,-145.0,-148.0,-146.0,-147.0,-146.0,-145.0,-148.0,-145.0,-148.0,-145.0,-145.0,-144.0
0.0,-70.0,-73.0,-74.0,-74.0,-77.0,-77.0,-78.0,-76.0,-77.0,-75.0,-74.0,-75.0,-78.0,-82.0,-83.0,-86.0
0.0,38.0,43.0,41.0,41.0,44.0,48.0,55.0,51.0,51.0,48.0,47.0,42.0,37.0,33.0,27.0,20.0
0.0,-64.0,-64.0,-60.0,-62.0,-65.0,-66.0,-68.0,-60.0,-62.0,-63.0,-60.0,-60.0,-63.0,-64.0,-67.0,-68.0
0.0,-63.0,-60.0,-59.0,-60.0,-63.0,-64.0,-64.0,-66.0,-68.0,-70.0,-70.0,-70.0,-71.0,-71.0,-73.0,-74.0
0.0,71.0,76.0,73.0,75.0,71.0,61.0,54.0,54.0,51.0,49.0,52.0,45.0,37.0,27.0,24.0,21.0
0.0,-83.0,-80.0,-80.0,-79.0,-79.0,-78.0,-80.0,-80.0,-80.0,-75.0,-82.0,-82.0,-82.0,-79.0,-79.0,-78.0
0.0,-36.0,-36.0,-36.0,-32.0,-36.0,-31.0,-25.0,-23.0,-18.0,-20.0,-22.0,-21.0,-23.0,-25.0,-24.0,-18.0
0.0,-128.0,-99.0,-83.0,-70.0,-62.0,-63.0,-61.0,-58.0,-56.0,-53.0,-56.0,-55.0,-55.0,-54.0,-53.0,-55.0
0.0,8.0,8.0,9.0,11.0,17.0,16.0,20.0,27.0,28.0,35.0,37.0,39.0,41.0,41.0,41.0,44.0
0.0,-18.0,-15.0,-14.0,-14.0,-11.0,-9.0,-8.0,-8.0,-5.0,-4.0,-4.0,-5.0,-3.0,-2.0,1.0,2.0
0.0,-21.0,-19.0,-11.0,-10.0,-6.0,-7.0,-5.0,-1.0,5.0,2.0,8.0,13.0,15.0,13.0,15.0,13.0
0.0,-36.0,-30.0,-34.0,-32.0,-32.0,-32.0,-36.0,-30.0,-28.0,-26.0,-20.0,-22.0,-14.0,-14.0,-16.0,-16.0
0.0,-20.0,-21.0,-26.0,-30.0,-33.0,-38.0,-44.0,-45.0,-39.0,-43.0,-45.0,-41.0,-37.0,-39.0,-35.0,-32.0
0.0,-63.0,-63.0,-64.0,-64.0,-60.0,-63.0,-64.0,-62.0,-66.0,-64.0,-65.0,-59.0,-60.0,-62.0,-63.0,-67.0
0.0,-69.0,-68.0,-71.0,-72.0,-68.0,-72.0,-69.0,-67.0,-72.0,-72.0,-71.0,-67.0,-70.0,-68.0,-67.0,-68.0
0.0,-245.0,-249.0,-261.0,-269.0,-272.0,-271.0,-253.0,-231.0,-200.0,-168.0,-156.0,-150.0,-132.0,-112.0,-89.0,-67.0
0.0,-391.0,-362.0,-341.0,-298.0,-266.0,-255.0,-244.0,-219.0,-198.0,-177.0,-163.0,-153.0,-147.0,-140.0,-142.0,-142.0
0.0,-35.0,-33.0,-35.0,-33.0,-29.0,-29.0,-27.0,-26.0,-27.0,-24.0,-21.0,-21.0,-22.0,-18.0,-14.0,-14.0
0.0,81.0,80.0,87.0,87.0,87.0,89.0,86.0,84.0,74.0,70.0,74.0,73.0,72.0,73.0,69.0,61.0
0.0,-39.0,-39.0,-43.0,-39.0,-45.0,-43.0,-42.0,-40.0,-39.0,-41.0,-44.0,-39.0,-43.0,-39.0,-36.0,-35.0
0.0,-37.0,-38.0,-40.0,-39.0,-41.0,-41.0,-42.0,-39.0,-38.0,-44.0,-41.0,-42.0,-42.0,-49.0,-41.0,-40.0
0.0,-40.0,-41.0,-41.0,-42.0,-43.0,-42.0,-44.0,-41.0,-43.0,-42.0,-43.0,-38.0,-44.0,-45.0,-42.0,-42.0
0.0,-144.0,-167.0,-197.0,-239.0,-281.0,-327.0,-353.0,-372.0,-388.0,-402.0,-417.0,-429.0,-413.0,-398.0,-387.0,-365.0
0.0,-62.0,-64.0,-64.0,-63.0,-63.0,-62.0,-59.0,-55.0,-51.0,-52.0,-52.0,-57.0,-58.0,-59.0,-50.0,-46.0
0.0,-35.0,-38.0,-38.0,-54.0,-60.0,-64.0,-61.0,-62.0,-56.0,-59.0,-59.0,-56.0,-56.0,-58.0,-59.0,-55.0
0.0,-64.0,-59.0,-58.0,-61.0,-59.0,-57.0,-60.0,-61.0,-55.0,-52.0,-55.0,-55.0,-56.0,-51.0,-50.0,-52.0
0.0,-64.0,-66.0,-68.0,-71.0,-68.0,-70.0,-70.0,-67.0,-73.0,-77.0,-76.0,-74.0,-71.0,-78.0,-78.0,-79.0
0.0,-47.0,-40.0,-41.0,-39.0,-43.0,-40.0,-43.0,-43.0,-34.0,-31.0,-34.0,-42.0,-40.0,-34.0,-31.0,-34.0
0.0,-48.0,-48.0,-62.0,-66.0,-69.0,-68.0,-69.0,-66.0,-64.0,-67.0,-66.0,-66.0,-65.0,-67.0,-64.0,-65.0
0.0,-104.0,-109.0,-131.0,-148.0,-166.0,-187.0,-201.0,-211.0,-224.0,-227.0,-230.0,-243.0,-259.0,-263.0,-286.0,-298.0
0.0,-323.0,-331.0,-337.0,-327.0,-321.0,-290.0,-266.0,-268.0,-265.0,-264.0,-252.0,-229.0,-207.0,-176.0,-149.0,-129.0
0.0,-70.0,-73.0,-75.0,-78.0,-84.0,-90.0,-98.0,-106.0,-113.0,-118.0,-134.0,-152.0,-173.0,-192.0,-197.0,-203.0
0.0,-45.0,-43.0,-42.0,-46.0,-47.0,-42.0,-42.0,-41.0,-42.0,-44.0,-42.0,-44.0,-44.0,-45.0,-46.0,-43.0
0.0,-34.0,-32.0,-53.0,-64.0,-68.0,-64.0,-61.0,-64.0,-65.0,-65.0,-80.0,-80.0,-57.0,-38.0,-51.0,-60.0
0.0,-3.0,1.0,2.0,5.0,5.0,5.0,7.0,4.0,1.0,0.0,-4.0,-4.0,-11.0,-8.0,-14.0,-16.0
0.0,-65.0,-66.0,-64.0,-64.0,-68.0,-63.0,-62.0,-64.0,-64.0,-66.0,-62.0,-63.0,-66.0,-63.0,-63.0,-63.0
0.0,-75.0,-71.0,-70.0,-70.0,-63.0,-68.0,-68.0,-76.0,-70.0,-63.0,-64.0,-59.0,-57.0,-53.0,-56.0,-59.0
0.0,-80.0,-82.0,-74.0,-70.0,-74.0,-82.0,-81.0,-74.0,-73.0,-70.0,-75.0,-81.0,-78.0,-72.0,-82.0,-87.0
0.0,23.0,18.0,11.0,8.0,3.0,-3.0,-2.0,-5.0,-9.0,-14.0,-18.0,-23.0,-22.0,-24.0,-27.0,-31.0
0.0,-144.0,-146.0,-146.0,-147.0,-146.0,-145.0,-145.0,-146.0,-146.0,-154.0,-158.0,-163.0,-174.0,-185.0,-195.0,-200.0
0.0,-277.0,-299.0,-313.0,-319.0,-308.0,-287.0,-269.0,-265.0,-249.0,-216.0,-184.0,-144.0,-117.0,-100.0,-85.0,-69.0
0.0,-57.0,-59.0,-64.0,-68.0,-67.0,-65.0,-69.0,-70.0,-66.0,-66.0,-65.0,-69.0,-67.0,-69.0,-70.0,-71.0
0.0,-37.0,-38.0,-40.0,-41.0,-42.0,-47.0,-49.0,-46.0,-53.0,-50.0,-48.0,-47.0,-45.0,-46.0,-45.0,-44.0
0.0,15.0,16.0,13.0,12.0,19.0,15.0,7.0,12.0,11.0,7.0,6.0,4.0,0.0,-1.0,-3.0,-9.0
0.0,222.0,217.0,210.0,208.0,208.0,203.0,200.0,204.0,202.0,204.0,207.0,207.0,211.0,203.0,201.0,203.0
0.0,-10.0,-14.0,-23.0,-25.0,-23.0,-24.0,-27.0,-28.0,-24.0,-22.0,-20.0,-19.0,-15.0,-11.0,-14.0,-18.0
0.0,-80.0,-84.0,-83.0,-87.0,-92.0,-91.0,-94.0,-101.0,-111.0,-120.0,-126.0,-140.0,-154.0,-166.0,-178.0,-177.0
0.0,-63.0,-61.0,-67.0,-67.0,-62.0,-63.0,-61.0,-57.0,-54.0,-59.0,-55.0,-59.0,-57.0,-59.0,-63.0,-64.0
0.0,-38.0,-50.0,-58.0,-57.0,-52.0,-52.0,-53.0,-50.0,-53.0,-52.0,-52.0,-53.0,-54.0,-54.0,-51.0,-54.0
0.0,-92.0,-94.0,-94.0,-92.0,-96.0,-91.0,-91.0,-91.0,-95.0,-92.0,-90.0,-93.0,-91.0,-92.0,-89.0,-95.0
0.0,-62.0,-60.0,-61.0,-60.0,-63.0,-61.0,-63.0,-66.0,-64.0,-64.0,-64.0,-61.0,-63.0,-59.0,-67.0,-77.0
0.0,2.0,3.0,4.0,4.0,6.0,10.0,16.0,11.0,15.0,17.0,19.0,22.0,26.0,30.0,29.0,31.0
0.0,-16.0,-15.0,-12.0,-11.0,-10.0,-8.0,-9.0,-8.0,-7.0,-6.0,-2.0,-1.0,0.0,1.0,5.0,8.0
0.0,18.0,20.0,22.0,25.0,30.0,31.0,31.0,35.0,39.0,40.0,44.0,47.0,46.0,50.0,50.0,47.0
0.0,-65.0,-65.0,-66.0,-63.0,-65.0,-64.0,-67.0,-63.0,-64.0,-64.0,-65.0,-66.0,-63.0,-64.0,-62.0,-59.0
0.0,-60.0,-59.0,-64.0,-60.0,-62.0,-66.0,-64.0,-65.0,-65.0,-71.0,-67.0,-69.0,-67.0,-68.0,-70.0,-70.0
0.0,-46.0,-45.0,-44.0,-49.0,-43.0,-40.0,-39.0,-34.0,-32.0,-30.0,-32.0,-40.0,-47.0,-51.0,-54.0,-57.0
0.0,-74.0,-68.0,-69.0,-68.0,-67.0,-68.0,-64.0,-62.0,-64.0,-64.0,-62.0,-58.0,-61.0,-61.0,-53.0,-48.0
0.0,-23.0,-31.0,-38.0,-38.0,-39.0,-48.0,-46.0,-50.0,-49.0,-48.0,-51.0,-55.0,-59.0,-55.0,-57.0,-57.0
0.0,-125.0,-131.0,-146.0,-162.0,-180.0,-199.0,-215.0,-219.0,-229.0,-245.0,-243.0,-247.0,-262.0,-266.0,-277.0,-304.0
0.0,-44.0,-46.0,-46.0,-45.0,-42.0,-41.0,-43.0,-46.0,-43.0,-45.0,-45.0,-43.0,-40.0,-41.0,-42.0,-44.0
0.0,-250.0,-251.0,-260.0,-269.0,-272.0,-255.0,-229.0,-195.0,-159.0,-143.0,-137.0,-117.0,-93.0,-69.0,-49.0,-36.0
0.0,15.0,13.0,15.0,21.0,21.0,21.0,27.0,31.0,34.0,38.0,45.0,44.0,47.0,51.0,54.0,54.0
0.0,-36.0,-34.0,-35.0,-32.0,-35.0,-35.0,-34.0,-34.0,-32.0,-35.0,-34.0,-36.0,-39.0,-37.0,-40.0,-45.0
0.0,-314.0,-311.0,-288.0,-266.0,-234.0,-200.0,-182.0,-172.0,-150.0,-128.0,-96.0,-80.0,-66.0,-52.0,-46.0,-45.0
0.0,-255.0,-230.0,-198.0,-185.0,-177.0,-153.0,-131.0,-111.0,-91.0,-81.0,-70.0,-59.0,-62.0,-63.0,-63.0,-68.0
0.0,-41.0,-39.0,-42.0,-48.0,-46.0,-52.0,-51.0,-45.0,-45.0,-41.0,-41.0,-44.0,-48.0,-41.0,-41.0,-40.0
0.0,-171.0,-175.0,-189.0,-204.0,-204.0,-207.0,-215.0,-222.0,-249.0,-273.0,-266.0,-251.0,-227.0,-215.0,-200.0,-179.0
0.0,34.0,31.0,27.0,23.0,25.0,18.0,17.0,10.0,9.0,7.0,3.0,-2.0,-2.0,-7.0,-11.0,-12.0
0.0,-289.0,-309.0,-315.0,-313.0,-307.0,-293.0,-275.0,-243.0,-230.0,-221.0,-218.0,-210.0,-189.0,-163.0,-132.0,-100.0
0.0,-93.0,-99.0,-99.0,-100.0,-109.0,-121.0,-136.0,-128.0,-128.0,-147.0,-161.0,-180.0,-196.0,-198.0,-209.0,-221.0
0.0,-59.0,-55.0,-59.0,-62.0,-67.0,-78.0,-77.0,-81.0,-78.0,-75.0,-79.0,-80.0,-78.0,-73.0,-75.0,-73.0
0.0,-36.0,-36.0,-35.0,-26.0,-24.0,-18.0,-27.0,-25.0,-28.0,-28.0,-27.0,-25.0,-17.0,-13.0,-14.0,-18.0
0.0,57.0,55.0,49.0,49.0,46.0,41.0,35.0,33.0,29.0,23.0,21.0,18.0,19.0,18.0,15.0,13.0
0.0,-78.0,-78.0,-75.0,-78.0,-81.0,-79.0,-74.0,-77.0,-77.0,-78.0,-77.0,-81.0,-76.0,-75.0,-72.0,-66.0
0.0,-87.0,-89.0,-91.0,-90.0,-89.0,-92.0,-90.0,-87.0,-89.0,-89.0,-91.0,-88.0,-89.0,-87.0,-89.0,-90.0
0.0,-57.0,-61.0,-65.0,-65.0,-66.0,-69.0,-79.0,-87.0,-96.0,-104.0,-111.0,-129.0,-144.0,-156.0,-167.0,-154.0
0.0,0.0,3.0,5.0,6.0,14.0,15.0,17.0,19.0,25.0,21.0,25.0,26.0,27.0,28.0,28.0,28.0
0.0,-18.0,-22.0,-24.0,-29.0,-32.0,-36.0,-37.0,-41.0,-43.0,-47.0,-45.0,-52.0,-48.0,-48.0,-55.0,-58.0
0.0,-66.0,-66.0,-64.0,-64.0,-68.0,-64.0,-63.0,-68.0,-64.0,-62.0,-60.0,-64.0,-61.0,-64.0,-67.0,-61.0
0.0,-173.0,-146.0,-130.0,-125.0,-122.0,-166.0,-235.0,-282.0,-319.0,-344.0,-338.0,-326.0,-303.0,-293.0,-289.0,-286.0
0.0,-43.0,-42.0,-43.0,-43.0,-44.0,-45.0,-42.0,-43.0,-44.0,-41.0,-43.0,-39.0,-37.0,-38.0,-34.0,-36.0
0.0,-53.0,-53.0,-58.0,-60.0,-55.0,-54.0,-54.0,-52.0,-52.0,-51.0,-55.0,-57.0,-51.0,-56.0,-52.0,-51.0
0.0,-49.0,-50.0,-48.0,-46.0,-47.0,-47.0,-43.0,-50.0,-49.0,-50.0,-45.0,-47.0,-52.0,-59.0,-61.0,-69.0
0.0,-22.0,-29.0,-26.0,-21.0,-16.0,-17.0,-16.0,-12.0,-12.0,-9.0,-9.0,-6.0,-7.0,-9.0,-8.0,-8.0
0.0,10.0,8.0,11.0,18.0,19.0,25.0,31.0,31.0,32.0,34.0,36.0,40.0,40.0,39.0,38.0,38.0
0.0,-50.0,-53.0,-53.0,-55.0,-51.0,-51.0,-53.0,-53.0,-52.0,-52.0,-51.0,-53.0,-53.0,-54.0,-50.0,-52.0
0.0,-79.0,-77.0,-73.0,-69.0,-64.0,-64.0,-69.0,-67.0,-75.0,-88.0,-92.0,-88.0,-87.0,-83.0,-83.0,-84.0
0.0,1.0,3.0,12.0,10.0,12.0,16.0,17.0,23.0,23.0,22.0,27.0,29.0,30.0,32.0,37.0,35.0
0.0,-38.0,-37.0,-37.0,-34.0,-31.0,-29.0,-22.0,-25.0,-31.0,-31.0,-35.0,-32.0,-33.0,-32.0,-35.0,-31.0
0.0,3.0,1.0,2.0,7.0,7.0,7.0,5.0,6.0,10.0,13.0,18.0,17.0,17.0,19.0,19.0,24.0
0.0,-198.0,-197.0,-192.0,-191.0,-179.0,-155.0,-125.0,-102.0,-80.0,-69.0,-56.0,-53.0,-52.0,-50.0,-54.0,-51.0
0.0,-83.0,-80.0,-80.0,-77.0,-79.0,-73.0,-71.0,-65.0,-68.0,-65.0,-64.0,-72.0,-71.0,-69.0,-67.0,-67.0
0.0,13.0,6.0,2.0,-1.0,-9.0,-16.0,-22.0,-24.0,-32.0,-40.0,-45.0,-51.0,-58.0,-57.0,-62.0,-64.0
0.0,-163.0,-140.0,-114.0,-93.0,-71.0,-61.0,-54.0,-44.0,-39.0,-36.0,-41.0,-43.0,-41.0,-37.0,-44.0,-42.0
0.0,4.0,3.0,4.0,4.0,2.0,2.0,2.0,4.0,4.0,4.0,-1.0,3.0,0.0,0.0,-1.0,-5.0
0.0,-80.0,-76.0,-81.0,-87.0,-83.0,-82.0,-82.0,-81.0,-84.0,-80.0,-80.0,-80.0,-81.0,-79.0,-76.0,-83.0
0.0,-265.0,-261.0,-238.0,-218.0,-182.0,-155.0,-149.0,-148.0,-149.0,-140.0,-119.0,-100.0,-79.0,-54.0,-44.0,-39.0
0.0,-62.0,-60.0,-62.0,-71.0,-77.0,-85.0,-84.0,-80.0,-79.0,-80.0,-80.0,-83.0,-84.0,-80.0,-83.0,-79.0
0.0,-110.0,-108.0,-110.0,-112.0,-118.0,-117.0,-109.0,-105.0,-105.0,-108.0,-102.0,-104.0,-96.0,-90.0,-91.0,-96.0
0.0,-47.0,-50.0,-47.0,-59.0,-63.0,-63.0,-71.0,-71.0,-73.0,-70.0,-70.0,-66.0,-61.0,-62.0,-60.0,-57.0
0.0,-54.0,-56.0,-58.0,-64.0,-69.0,-77.0,-79.0,-81.0,-77.0,-80.0,-76.0,-78.0,-80.0,-78.0,-77.0,-77.0
0.0,-14.0,-10.0,-12.0,-12.0,-13.0,-16.0,-16.0,-16.0,-15.0,-19.0,-15.0,-15.0,-15.0,-16.0,-12.0,-12.0
0.0,-49.0,-53.0,-53.0,-53.0,-51.0,-54.0,-53.0,-58.0,-58.0,-53.0,-53.0,-54.0,-53.0,-51.0,-51.0,-50.0
0.0,-14.0,-14.0,-16.0,-22.0,-22.0,-28.0,-32.0,-33.0,-32.0,-31.0,-29.0,-28.0,-32.0,-21.0,-23.0,-18.0
0.0,-5.0,-3.0,2.0,5.0,4.0,8.0,13.0,12.0,18.0,24.0,23.0,30.0,31.0,34.0,41.0,39.0
0.0,-42.0,-46.0,-45.0,-44.0,-42.0,-44.0,-45.0,-51.0,-60.0,-60.0,-61.0,-64.0,-60.0,-63.0,-61.0,-62.0
0.0,-2.0,0.0,-5.0,-6.0,0.0,-1.0,1.0,3.0,1.0,0.0,-2.0,1.0,0.0,1.0,0.0,2.0
0.0,-245.0,-213.0,-205.0,-185.0,-164.0,-138.0,-116.0,-89.0,-78.0,-66.0,-62.0,-68.0,-68.0,-71.0,-68.0,-70.0
0.0,-59.0,-61.0,-62.0,-56.0,-59.0,-53.0,-50.0,-45.0,-49.0,-45.0,-46.0,-51.0,-48.0,-47.0,-42.0,-41.0
0.0,-194.0,-195.0,-200.0,-204.0,-213.0,-229.0,-244.0,-259.0,-255.0,-242.0,-221.0,-191.0,-160.0,-144.0,-136.0,-117.0
0.0,-40.0,-44.0,-49.0,-43.0,-47.0,-43.0,-45.0,-45.0,-43.0,-40.0,-45.0,-45.0,-44.0,-45.0,-42.0,-40.0
0.0,-192.0,-192.0,-185.0,-170.0,-149.0,-132.0,-104.0,-85.0,-77.0,-66.0,-60.0,-60.0,-59.0,-59.0,-57.0,-59.0
0.0,-62.0,-63.0,-60.0,-57.0,-53.0,-49.0,-48.0,-52.0,-53.0,-62.0,-64.0,-57.0,-50.0,-44.0,-37.0,-37.0
0.0,-32.0,-33.0,-32.0,-32.0,-32.0,-32.0,-33.0,-30.0,-32.0,-34.0,-30.0,-30.0,-26.0,-23.0,-22.0,-21.0
0.0,-13.0,-8.0,-4.0,-4.0,0.0,2.0,5.0,5.0,11.0,16.0,17.0,18.0,20.0,19.0,23.0,28.0
0.0,-100.0,-96.0,-98.0,-103.0,-98.0,-99.0,-100.0,-99.0,-100.0,-101.0,-99.0,-99.0,-99.0,-103.0,-100.0,-99.0
0.0,-42.0,-38.0,-44.0,-42.0,-36.0,-34.0,-37.0,-38.0,-38.0,-39.0,-34.0,-32.0,-27.0,-22.0,-28.0,-29.0
0.0,-3.0,2.0,10.0,12.0,18.0,20.0,29.0,30.0,38.0,43.0,40.0,46.0,52.0,49.0,51.0,52.0
0.0,-32.0,-32.0,-31.0,-30.0,-28.0,-28.0,-24.0,-25.0,-22.0,-20.0,-21.0,-17.0,-15.0,-10.0,-12.0,-7.0
0.0,-98.0,-103.0,-108.0,-117.0,-116.0,-127.0,-147.0,-162.0,-180.0,-191.0,-185.0,-195.0,-222.0,-235.0,-248.0,-261.0
0.0,-22.0,-21.0,-18.0,-22.0,-22.0,-26.0,-26.0,-28.0,-31.0,-30.0,-29.0,-29.0,-32.0,-32.0,-29.0,-29.0
0.0,-77.0,-71.0,-57.0,-49.0,-52.0,-61.0,-63.0,-58.0,-51.0,-52.0,-66.0,-58.0,-28.0,-28.0,-54.0,-50.0
0.0,-82.0,-72.0,-67.0,-64.0,-61.0,-60.0,-59.0,-61.0,-57.0,-58.0,-57.0,-61.0,-57.0,-54.0,-54.0,-53.0
0.0,-191.0,-167.0,-139.0,-110.0,-92.0,-77.0,-68.0,-53.0,-48.0,-48.0,-36.0,-37.0,-31.0,-33.0,-38.0,-37.0
0.0,-38.0,-34.0,-31.0,-30.0,-24.0,-21.0,-20.0,-22.0,-23.0,-20.0,-24.0,-25.0,-20.0,-16.0,-14.0,-16.0
0.0,-41.0,-35.0,-36.0,-37.0,-32.0,-33.0,-32.0,-31.0,-29.0,-29.0,-27.0,-28.0,-30.0,-28.0,-26.0,-25.0
0.0,-26.0,-25.0,-26.0,-27.0,-23.0,-30.0,-34.0,-31.0,-32.0,-38.0,-33.0,-36.0,-34.0,-38.0,-37.0,-38.0
0.0,-29.0,-32.0,-37.0,-41.0,-45.0,-48.0,-50.0,-50.0,-52.0,-49.0,-55.0,-57.0,-54.0,-56.0,-54.0,-57.0
0.0,-28.0,-28.0,-29.0,-29.0,-28.0,-24.0,-27.0,-25.0,-21.0,-23.0,-20.0,-24.0,-23.0,-24.0,-20.0,-17.0
0.0,-165.0,-184.0,-195.0,-202.0,-230.0,-244.0,-244.0,-256.0,-269.0,-275.0,-271.0,-269.0,-256.0,-229.0,-206.0,-192.0
0.0,-14.0,-14.0,-16.0,-13.0,-22.0,-19.0,-20.0,-20.0,-20.0,-18.0,-20.0,-20.0,-21.0,-21.0,-21.0,-19.0
0.0,-136.0,-138.0,-138.0,-136.0,-131.0,-124.0,-119.0,-120.0,-124.0,-122.0,-125.0,-125.0,-125.0,-127.0,-135.0,-130.0
0.0,-39.0,-36.0,-33.0,-32.0,-34.0,-33.0,-32.0,-30.0,-29.0,-38.0,-39.0,-42.0,-46.0,-49.0,-50.0,-51.0
0.0,-26.0,-35.0,-34.0,-43.0,-45.0,-49.0,-41.0,-49.0,-45.0,-45.0,-41.0,-37.0,-39.0,-34.0,-31.0,-35.0
0.0,-79.0,-92.0,-98.0,-105.0,-108.0,-102.0,-102.0,-101.0,-102.0,-93.0,-93.0,-91.0,-91.0,-92.0,-95.0,-98.0
0.0,-33.0,-37.0,-40.0,-41.0,-45.0,-46.0,-46.0,-48.0,-48.0,-50.0,-50.0,-49.0,-48.0,-53.0,-52.0,-53.0
0.0,-22.0,-23.0,-29.0,-29.0,-32.0,-29.0,-30.0,-35.0,-34.0,-36.0,-37.0,-40.0,-41.0,-35.0,-37.0,-36.0
0.0,-315.0,-316.0,-329.0,-344.0,-356.0,-347.0,-329.0,-312.0,-280.0,-249.0,-231.0,-211.0,-180.0,-145.0,-114.0,-96.0
0.0,-81.0,-79.0,-79.0,-81.0,-78.0,-74.0,-75.0,-76.0,-73.0,-72.0,-76.0,-83.0,-90.0,-90.0,-93.0,-92.0
0.0,-210.0,-215.0,-228.0,-240.0,-249.0,-259.0,-265.0,-271.0,-280.0,-294.0,-299.0,-305.0,-313.0,-317.0,-325.0,-337.0
0.0,-43.0,-42.0,-42.0,-44.0,-37.0,-43.0,-51.0,-45.0,-46.0,-48.0,-44.0,-36.0,-36.0,-31.0,-33.0,-33.0
0.0,-72.0,-70.0,-71.0,-68.0,-70.0,-78.0,-72.0,-73.0,-78.0,-72.0,-74.0,-78.0,-81.0,-87.0,-91.0,-96.0
0.0,-30.0,-33.0,-33.0,-36.0,-36.0,-35.0,-32.0,-40.0,-36.0,-36.0,-35.0,-38.0,-39.0,-43.0,-39.0,-36.0
0.0,-23.0,-26.0,-35.0,-33.0,-35.0,-42.0,-43.0,-45.0,-47.0,-48.0,-47.0,-49.0,-52.0,-53.0,-56.0,-50.0
0.0,-73.0,-70.0,-70.0,-71.0,-72.0,-70.0,-67.0,-70.0,-72.0,-74.0,-70.0,-71.0,-73.0,-76.0,-74.0,-75.0
0.0,-39.0,-42.0,-42.0,-37.0,-39.0,-40.0,-38.0,-37.0,-39.0,-39.0,-37.0,-39.0,-38.0,-36.0,-37.0,-34.0
0.0,-42.0,-42.0,-42.0,-40.0,-41.0,-40.0,-42.0,-39.0,-41.0,-39.0,-42.0,-42.0,-39.0,-41.0,-41.0,-42.0
0.0,-34.0,-39.0,-38.0,-39.0,-39.0,-38.0,-39.0,-37.0,-40.0,-39.0,-40.0,-37.0,-40.0,-39.0,-40.0,-35.0
0.0,-51.0,-48.0,-39.0,-28.0,-39.0,-47.0,-44.0,-32.0,-28.0,-34.0,-40.0,-56.0,-78.0,-59.0,-44.0,-53.0
0.0,-106.0,-99.0,-89.0,-71.0,-119.0,-195.0,-236.0,-272.0,-279.0,-269.0,-254.0,-243.0,-249.0,-245.0,-240.0,-238.0
0.0,4.0,-1.0,0.0,-8.0,-10.0,-14.0,-21.0,-26.0,-30.0,-36.0,-41.0,-46.0,-49.0,-50.0,-60.0,-61.0
0.0,-31.0,-39.0,-41.0,-49.0,-52.0,-54.0,-60.0,-58.0,-60.0,-65.0,-67.0,-72.0,-73.0,-75.0,-75.0,-78.0
0.0,-23.0,-28.0,-32.0,-38.0,-43.0,-46.0,-55.0,-51.0,-56.0,-61.0,-62.0,-64.0,-66.0,-68.0,-68.0,-67.0
0.0,-59.0,-67.0,-60.0,-63.0,-64.0,-64.0,-65.0,-63.0,-61.0,-65.0,-64.0,-64.0,-67.0,-62.0,-60.0,-56.0
0.0,-34.0,-37.0,-41.0,-43.0,-44.0,-47.0,-48.0,-43.0,-44.0,-43.0,-40.0,-41.0,-40.0,-41.0,-41.0,-40.0
0.0,-63.0,-65.0,-63.0,-61.0,-63.0,-64.0,-65.0,-63.0,-66.0,-60.0,-61.0,-64.0,-61.0,-62.0,-63.0,-63.0
0.0,294.0,298.0,292.0,291.0,294.0,295.0,293.0,292.0,285.0,287.0,296.0,291.0,289.0,284.0,285.0,273.0
0.0,-64.0,-59.0,-56.0,-56.0,-56.0,-54.0,-51.0,-51.0,-47.0,-48.0,-46.0,-43.0,-42.0,-37.0,-29.0,-26.0
0.0,-3.0,0.0,0.0,0.0,0.0,-3.0,4.0,3.0,5.0,1.0,2.0,3.0,-1.0,1.0,-1.0,1.0
0.0,-56.0,-63.0,-67.0,-71.0,-79.0,-82.0,-84.0,-91.0,-96.0,-95.0,-102.0,-103.0,-101.0,-102.0,-104.0,-102.0
0.0,-22.0,-24.0,-23.0,-21.0,-25.0,-26.0,-25.0,-26.0,-31.0,-22.0,-22.0,-23.0,-26.0,-22.0,-24.0,-25.0
0.0,-78.0,-78.0,-80.0,-80.0,-80.0,-82.0,-78.0,-80.0,-80.0,-77.0,-76.0,-80.0,-80.0,-80.0,-76.0,-78.0
0.0,-36.0,-36.0,-36.0,-36.0,-33.0,-36.0,-32.0,-31.0,-37.0,-36.0,-39.0,-37.0,-33.0,-32.0,-39.0,-37.0
0.0,-83.0,-84.0,-90.0,-102.0,-103.0,-114.0,-131.0,-149.0,-170.0,-177.0,-169.0,-185.0,-203.0,-216.0,-221.0,-234.0
0.0,23.0,26.0,26.0,25.0,25.0,26.0,21.0,21.0,18.0,12.0,14.0,7.0,9.0,5.0,5.0,0.0
0.0,-45.0,-30.0,-56.0,-83.0,-64.0,-59.0,-29.0,-36.0,-43.0,-49.0,-61.0,-49.0,-59.0,-75.0,-76.0,-39.0
0.0,-153.0,-151.0,-149.0,-147.0,-144.0,-136.0,-129.0,-130.0,-124.0,-121.0,-120.0,-115.0,-113.0,-108.0,-107.0,-105.0
0.0,-50.0,-46.0,-43.0,-39.0,-38.0,-42.0,-44.0,-47.0,-43.0,-45.0,-46.0,-51.0,-56.0,-62.0,-59.0,-65.0
0.0,-39.0,-43.0,-39.0,-41.0,-41.0,-43.0,-39.0,-40.0,-40.0,-40.0,-41.0,-45.0,-41.0,-46.0,-43.0,-41.0
0.0,-407.0,-414.0,-427.0,-428.0,-410.0,-377.0,-355.0,-322.0,-298.0,-286.0,-272.0,-240.0,-201.0,-169.0,-132.0,-107.0
0.0,-26.0,-32.0,-38.0,-37.0,-48.0,-50.0,-54.0,-62.0,-65.0,-71.0,-73.0,-76.0,-84.0,-92.0,-92.0,-85.0
0.0,-20.0,-41.0,-16.0,5.0,-5.0,-29.0,-45.0,-58.0,-43.0,-12.0,25.0,60.0,-24.0,-76.0,-28.0,26.0
0.0,-26.0,-29.0,-28.0,-29.0,-30.0,-34.0,-33.0,-34.0,-36.0,-37.0,-36.0,-39.0,-42.0,-40.0,-40.0,-42.0
0.0,-105.0,-108.0,-110.0,-116.0,-119.0,-126.0,-135.0,-144.0,-166.0,-177.0,-196.0,-215.0,-225.0,-238.0,-228.0,-210.0
0.0,-36.0,-33.0,-33.0,-31.0,-35.0,-34.0,-35.0,-38.0,-42.0,-35.0,-32.0,-38.0,-40.0,-42.0,-39.0,-37.0
0.0,-11.0,-18.0,-18.0,-25.0,-29.0,-28.0,-34.0,-38.0,-44.0,-44.0,-44.0,-49.0,-52.0,-48.0,-58.0,-56.0
0.0,-58.0,-58.0,-60.0,-62.0,-64.0,-64.0,-66.0,-62.0,-69.0,-66.0,-64.0,-64.0,-64.0,-61.0,-59.0,-57.0
0.0,-43.0,-44.0,-44.0,-41.0,-40.0,-47.0,-39.0,-40.0,-41.0,-41.0,-38.0,-38.0,-39.0,-38.0,-38.0,-36.0
0.0,-43.0,-44.0,-43.0,-38.0,-38.0,-37.0,-38.0,-40.0,-38.0,-39.0,-42.0,-45.0,-45.0,-41.0,-42.0,-46.0
0.0,-76.0,-73.0,-69.0,-68.0,-73.0,-70.0,-72.0,-69.0,-71.0,-70.0,-71.0,-70.0,-72.0,-71.0,-74.0,-69.0
0.0,-64.0,-65.0,-59.0,-56.0,-53.0,-53.0,-53.0,-57.0,-57.0,-59.0,-56.0,-49.0,-50.0,-47.0,-41.0,-46.0
0.0,-78.0,-75.0,-84.0,-86.0,-87.0,-88.0,-87.0,-90.0,-96.0,-92.0,-91.0,-91.0,-88.0,-86.0,-82.0,-83.0
0.0,-56.0,-55.0,-51.0,-48.0,-43.0,-44.0,-38.0,-36.0,-38.0,-38.0,-28.0,-23.0,-18.0,-14.0,-16.0,-15.0
0.0,-61.0,-59.0,-60.0,-62.0,-63.0,-61.0,-62.0,-56.0,-58.0,-61.0,-60.0,-57.0,-56.0,-60.0,-59.0,-58.0
0.0,-87.0,-88.0,-91.0,-88.0,-88.0,-85.0,-79.0,-82.0,-87.0,-80.0,-82.0,-81.0,-77.0,-79.0,-79.0,-79.0
0.0,-285.0,-267.0,-250.0,-236.0,-214.0,-192.0,-192.0,-182.0,-183.0,-174.0,-144.0,-106.0,-69.0,-34.0,-12.0,1.0
0.0,-36.0,-30.0,-26.0,-31.0,-36.0,-32.0,-32.0,-30.0,-27.0,-30.0,-34.0,-31.0,-29.0,-32.0,-35.0,-40.0
0.0,-88.0,-88.0,-89.0,-82.0,-84.0,-88.0,-84.0,-85.0,-88.0,-88.0,-86.0,-86.0,-85.0,-83.0,-86.0,-84.0
0.0,-24.0,-28.0,-24.0,-27.0,-28.0,-34.0,-40.0,-44.0,-45.0,-46.0,-46.0,-46.0,-44.0,-42.0,-40.0,-37.0
0.0,-311.0,-309.0,-288.0,-273.0,-254.0,-214.0,-190.0,-183.0,-171.0,-143.0,-123.0,-97.0,-85.0,-74.0,-63.0,-57.0
0.0,-93.0,-97.0,-103.0,-110.0,-115.0,-133.0,-151.0,-165.0,-175.0,-179.0,-178.0,-175.0,-196.0,-217.0,-218.0,-227.0
0.0,-98.0,-98.0,-99.0,-96.0,-99.0,-100.0,-97.0,-100.0,-98.0,-100.0,-99.0,-99.0,-101.0,-98.0,-102.0,-100.0
0.0,-60.0,-60.0,-62.0,-62.0,-60.0,-54.0,-51.0,-47.0,-45.0,-46.0,-47.0,-53.0,-50.0,-46.0,-46.0,-40.0
0.0,-47.0,-41.0,-45.0,-41.0,-42.0,-35.0,-26.0,-29.0,-31.0,-29.0,-33.0,-33.0,-32.0,-32.0,-31.0,-30.0
0.0,-46.0,-45.0,-48.0,-48.0,-45.0,-50.0,-46.0,-44.0,-38.0,-35.0,-33.0,-33.0,-35.0,-34.0,-40.0,-38.0
0.0,-290.0,-301.0,-305.0,-306.0,-279.0,-244.0,-199.0,-174.0,-167.0,-150.0,-125.0,-104.0,-83.0,-63.0,-48.0,-38.0
0.0,-73.0,-70.0,-73.0,-71.0,-71.0,-70.0,-70.0,-73.0,-68.0,-69.0,-71.0,-71.0,-72.0,-77.0,-81.0,-85.0
0.0,-84.0,-88.0,-89.0,-85.0,-88.0,-87.0,-86.0,-85.0,-85.0,-84.0,-88.0,-86.0,-87.0,-87.0,-85.0,-87.0
0.0,-41.0,-37.0,-32.0,-27.0,-24.0,-23.0,-28.0,-28.0,-29.0,-24.0,-22.0,-13.0,-9.0,-12.0,-19.0,-20.0
0.0,43.0,39.0,37.0,40.0,45.0,43.0,41.0,38.0,41.0,37.0,38.0,43.0,39.0,35.0,40.0,41.0
0.0,-11.0,-6.0,-6.0,-8.0,-6.0,-6.0,-6.0,-6.0,-4.0,-2.0,-3.0,-3.0,-2.0,-4.0,0.0,2.0
0.0,-70.0,-68.0,-69.0,-66.0,-69.0,-70.0,-71.0,-72.0,-72.0,-70.0,-70.0,-76.0,-72.0,-73.0,-70.0,-70.0
0.0,-48.0,-49.0,-51.0,-53.0,-64.0,-67.0,-71.0,-71.0,-67.0,-67.0,-68.0,-66.0,-68.0,-69.0,-68.0,-67.0
0.0,-40.0,-38.0,-35.0,-29.0,-26.0,-26.0,-23.0,-24.0,-14.0,-10.0,-8.0,-10.0,-14.0,-18.0,-14.0,-18.0
0.0,-246.0,-255.0,-244.0,-223.0,-195.0,-160.0,-143.0,-136.0,-125.0,-98.0,-75.0,-55.0,-51.0,-44.0,-32.0,-28.0
0.0,-60.0,-59.0,-53.0,-51.0,-49.0,-50.0,-50.0,-47.0,-54.0,-58.0,-58.0,-49.0,-44.0,-46.0,-44.0,-52.0
0.0,-56.0,-52.0,-57.0,-58.0,-52.0,-55.0,-54.0,-56.0,-53.0,-59.0,-54.0,-57.0,-57.0,-58.0,-54.0,-56.0
0.0,-201.0,-173.0,-163.0,-150.0,-130.0,-106.0,-78.0,-60.0,-49.0,-40.0,-39.0,-40.0,-42.0,-46.0,-45.0,-48.0
0.0,-88.0,-84.0,-80.0,-85.0,-81.0,-82.0,-91.0,-99.0,-100.0,-103.0,-109.0,-106.0,-104.0,-103.0,-104.0,-106.0
0.0,-70.0,-76.0,-82.0,-84.0,-83.0,-83.0,-87.0,-86.0,-84.0,-82.0,-79.0,-79.0,-76.0,-77.0,-75.0,-78.0
0.0,-35.0,-33.0,-28.0,-22.0,-23.0,-20.0,-17.0,-15.0,-11.0,-10.0,-3.0,-5.0,-1.0,-4.0,-6.0,-3.0
0.0,-56.0,-53.0,-52.0,-56.0,-50.0,-53.0,-52.0,-53.0,-53.0,-51.0,-52.0,-50.0,-52.0,-49.0,-51.0,-49.0
0.0,-10.0,-7.0,-7.0,-2.0,-1.0,-5.0,-1.0,1.0,-2.0,-3.0,0.0,-2.0,-6.0,-6.0,-6.0,-10.0
0.0,-11.0,-10.0,-5.0,-5.0,-6.0,-4.0,-1.0,1.0,0.0,1.0,7.0,7.0,11.0,16.0,15.0,19.0
0.0,-22.0,-24.0,-30.0,-32.0,-32.0,-35.0,-35.0,-34.0,-28.0,-25.0,-25.0,-22.0,-23.0,-20.0,-27.0,-39.0
0.0,-56.0,-57.0,-56.0,-56.0,-56.0,-58.0,-59.0,-57.0,-56.0,-57.0,-57.0,-57.0,-55.0,-55.0,-58.0,-56.0
0.0,-51.0,-54.0,-51.0,-53.0,-54.0,-51.0,-52.0,-52.0,-55.0,-53.0,-53.0,-55.0,-55.0,-61.0,-49.0,-49.0
0.0,-57.0,-51.0,-58.0,-56.0,-53.0,-52.0,-52.0,-53.0,-52.0,-57.0,-51.0,-50.0,-53.0,-50.0,-53.0,-55.0
0.0,-91.0,-92.0,-92.0,-93.0,-88.0,-89.0,-92.0,-95.0,-92.0,-92.0,-93.0,-87.0,-90.0,-89.0,-84.0,-82.0
0.0,-162.0,-179.0,-195.0,-195.0,-206.0,-228.0,-239.0,-236.0,-247.0,-260.0,-266.0,-259.0,-241.0,-214.0,-181.0,-162.0
0.0,48.0,43.0,44.0,42.0,43.0,42.0,39.0,38.0,36.0,34.0,30.0,26.0,23.0,19.0,19.0,15.0
0.0,-63.0,-60.0,-62.0,-64.0,-64.0,-63.0,-60.0,-63.0,-64.0,-62.0,-64.0,-63.0,-63.0,-66.0,-63.0,-63.0
0.0,-118.0,-119.0,-118.0,-112.0,-115.0,-113.0,-118.0,-116.0,-118.0,-113.0,-110.0,-107.0,-103.0,-104.0,-105.0,-106.0
0.0,-27.0,-27.0,-31.0,-29.0,-29.0,-31.0,-28.0,-28.0,-22.0,-27.0,-27.0,-29.0,-26.0,-23.0,-24.0,-22.0
0.0,8.0,11.0,12.0,13.0,17.0,20.0,24.0,28.0,32.0,35.0,30.0,39.0,37.0,43.0,47.0,42.0
0.0,-47.0,-46.0,-50.0,-61.0,-70.0,-71.0,-73.0,-76.0,-80.0,-79.0,-81.0,-81.0,-85.0,-84.0,-86.0,-91.0
0.0,-56.0,-57.0,-56.0,-55.0,-55.0,-52.0,-52.0,-56.0,-50.0,-53.0,-53.0,-53.0,-53.0,-53.0,-48.0,-48.0
0.0,-32.0,-29.0,-32.0,-29.0,-32.0,-37.0,-32.0,-36.0,-38.0,-39.0,-39.0,-32.0,-28.0,-28.0,-30.0,-26.0
0.0,-32.0,-31.0,-34.0,-40.0,-46.0,-47.0,-49.0,-48.0,-52.0,-53.0,-53.0,-51.0,-47.0,-48.0,-45.0,-43.0
0.0,-37.0,-40.0,-44.0,-47.0,-47.0,-52.0,-55.0,-55.0,-58.0,-56.0,-61.0,-62.0,-61.0,-60.0,-59.0,-64.0
0.0,15.0,14.0,10.0,14.0,13.0,12.0,12.0,7.0,4.0,2.0,1.0,-3.0,-5.0,-8.0,-9.0,-9.0
0.0,-54.0,-60.0,-59.0,-63.0,-65.0,-73.0,-76.0,-85.0,-90.0,-91.0,-99.0,-105.0,-116.0,-110.0,-116.0,-123.0
0.0,-9.0,-11.0,-10.0,-5.0,1.0,7.0,2.0,2.0,1.0,0.0,5.0,4.0,10.0,11.0,17.0,23.0
0.0,-66.0,-61.0,-63.0,-61.0,-61.0,-62.0,-64.0,-63.0,-64.0,-65.0,-61.0,-62.0,-65.0,-65.0,-63.0,-61.0
0.0,-71.0,-76.0,-82.0,-78.0,-73.0,-66.0,-69.0,-64.0,-60.0,-65.0,-73.0,-76.0,-80.0,-85.0,-84.0,-83.0
0.0,-64.0,-63.0,-63.0,-61.0,-63.0,-63.0,-63.0,-64.0,-62.0,-60.0,-56.0,-51.0,-47.0,-48.0,-48.0,-51.0
0.0,-101.0,-100.0,-101.0,-96.0,-92.0,-88.0,-89.0,-90.0,-90.0,-96.0,-98.0,-91.0,-85.0,-85.0,-81.0,-80.0
0.0,-16.0,-15.0,-18.0,-17.0,-18.0,-23.0,-26.0,-26.0,-31.0,-35.0,-34.0,-35.0,-37.0,-41.0,-45.0,-50.0
0.0,2.0,-3.0,-9.0,-14.0,-13.0,-7.0,-10.0,-15.0,-27.0,-25.0,-27.0,-30.0,-33.0,-41.0,-46.0,-50.0
0.0,-32.0,-39.0,-44.0,-48.0,-52.0,-63.0,-78.0,-89.0,-97.0,-114.0,-131.0,-142.0,-155.0,-164.0,-151.0,-146.0
0.0,-83.0,-87.0,-92.0,-94.0,-95.0,-97.0,-102.0,-101.0,-105.0,-106.0,-110.0,-110.0,-109.0,-110.0,-110.0,-110.0
0.0,-32.0,-31.0,-32.0,-34.0,-34.0,-33.0,-36.0,-33.0,-35.0,-39.0,-36.0,-33.0,-36.0,-36.0,-35.0,-37.0
0.0,-28.0,-28.0,-26.0,-31.0,-30.0,-30.0,-31.0,-30.0,-33.0,-29.0,-27.0,-24.0,-23.0,-23.0,-20.0,-25.0
0.0,-72.0,-73.0,-71.0,-70.0,-70.0,-76.0,-72.0,-75.0,-74.0,-75.0,-72.0,-68.0,-68.0,-69.0,-66.0,-75.0
0.0,-39.0,-36.0,-38.0,-38.0,-38.0,-39.0,-41.0,-40.0,-36.0,-29.0,-29.0,-34.0,-34.0,-36.0,-39.0,-36.0
0.0,-78.0,-74.0,-74.0,-73.0,-74.0,-74.0,-73.0,-72.0,-71.0,-72.0,-72.0,-69.0,-69.0,-68.0,-68.0,-66.0
0.0,-96.0,-91.0,-90.0,-90.0,-92.0,-89.0,-91.0,-92.0,-90.0,-89.0,-91.0,-90.0,-92.0,-90.0,-91.0,-94.0
0.0,-52.0,-54.0,-50.0,-49.0,-43.0,-41.0,-40.0,-42.0,-40.0,-42.0,-46.0,-58.0,-62.0,-62.0,-58.0,-60.0
0.0,-271.0,-253.0,-231.0,-204.0,-195.0,-184.0,-187.0,-175.0,-159.0,-133.0,-115.0,-86.0,-64.0,-54.0,-43.0,-38.0
0.0,-86.0,-82.0,-86.0,-84.0,-85.0,-86.0,-90.0,-88.0,-81.0,-74.0,-76.0,-81.0,-80.0,-84.0,-80.0,-85.0
0.0,-114.0,-118.0,-128.0,-133.0,-152.0,-167.0,-180.0,-188.0,-179.0,-172.0,-190.0,-205.0,-214.0,-223.0,-252.0,-256.0
0.0,-53.0,-56.0,-56.0,-54.0,-51.0,-51.0,-50.0,-48.0,-52.0,-57.0,-56.0,-53.0,-52.0,-47.0,-39.0,-35.0
0.0,-79.0,-85.0,-89.0,-107.0,-117.0,-135.0,-153.0,-162.0,-173.0,-179.0,-162.0,-149.0,-155.0,-152.0,-139.0,-132.0
0.0,-39.0,-38.0,-39.0,-38.0,-39.0,-37.0,-34.0,-32.0,-30.0,-29.0,-33.0,-33.0,-48.0,-56.0,-56.0,-51.0
0.0,-58.0,-60.0,-56.0,-63.0,-59.0,-59.0,-57.0,-60.0,-61.0,-62.0,-59.0,-60.0,-56.0,-59.0,-63.0,-61.0
0.0,-101.0,-111.0,-118.0,-128.0,-137.0,-155.0,-169.0,-175.0,-181.0,-169.0,-167.0,-188.0,-199.0,-196.0,-211.0,-235.0
0.0,-66.0,-66.0,-66.0,-68.0,-64.0,-65.0,-71.0,-68.0,-64.0,-64.0,-69.0,-68.0,-67.0,-68.0,-67.0,-64.0
0.0,8.0,14.0,11.0,13.0,11.0,13.0,6.0,5.0,2.0,-4.0,-9.0,-15.0,-16.0,-20.0,-22.0,-19.0
0.0,-44.0,-40.0,-32.0,-35.0,-41.0,-42.0,-43.0,-41.0,-40.0,-43.0,-47.0,-50.0,-54.0,-56.0,-61.0,-59.0
0.0,-87.0,-86.0,-83.0,-81.0,-78.0,-76.0,-75.0,-73.0,-80.0,-87.0,-101.0,-107.0,-108.0,-104.0,-102.0,-104.0
0.0,-39.0,-41.0,-44.0,-46.0,-53.0,-57.0,-61.0,-64.0,-61.0,-64.0,-64.0,-64.0,-63.0,-58.0,-56.0,-52.0
0.0,-39.0,-35.0,-34.0,-37.0,-38.0,-40.0,-38.0,-29.0,-30.0,-30.0,-30.0,-33.0,-28.0,-27.0,-26.0,-25.0
0.0,-72.0,-70.0,-69.0,-70.0,-72.0,-69.0,-74.0,-76.0,-76.0,-82.0,-85.0,-91.0,-96.0,-104.0,-103.0,-116.0
0.0,0.0,3.0,3.0,8.0,7.0,7.0,9.0,13.0,15.0,18.0,23.0,23.0,31.0,29.0,37.0,37.0
0.0,-13.0,-19.0,-23.0,-22.0,-20.0,-21.0,-15.0,-7.0,-15.0,-17.0,-15.0,-15.0,-19.0,-20.0,-24.0,-28.0
0.0,-188.0,-155.0,-126.0,-106.0,-94.0,-73.0,-72.0,-75.0,-69.0,-62.0,-59.0,-64.0,-63.0,-61.0,-54.0,-55.0
0.0,-47.0,-45.0,-47.0,-47.0,-47.0,-46.0,-46.0,-45.0,-43.0,-44.0,-43.0,-43.0,-41.0,-41.0,-40.0,-38.0
0.0,-274.0,-263.0,-227.0,-205.0,-203.0,-203.0,-199.0,-185.0,-163.0,-132.0,-100.0,-64.0,-51.0,-39.0,-29.0,-24.0
0.0,-47.0,-49.0,-60.0,-69.0,-69.0,-70.0,-70.0,-65.0,-63.0,-62.0,-60.0,-60.0,-57.0,-55.0,-53.0,-58.0
0.0,-55.0,-53.0,-51.0,-52.0,-48.0,-47.0,-48.0,-49.0,-46.0,-47.0,-46.0,-47.0,-47.0,-43.0,-41.0,-41.0
0.0,-63.0,-64.0,-60.0,-59.0,-60.0,-63.0,-60.0,-61.0,-63.0,-59.0,-59.0,-58.0,-59.0,-60.0,-61.0,-60.0
0.0,-36.0,-37.0,-39.0,-40.0,-36.0,-38.0,-40.0,-39.0,-39.0,-36.0,-42.0,-41.0,-41.0,-40.0,-44.0,-45.0
0.0,-13.0,-8.0,-4.0,-1.0,4.0,6.0,9.0,20.0,16.0,18.0,22.0,30.0,29.0,31.0,33.0,32.0
0.0,-67.0,-57.0,-48.0,-46.0,-46.0,-46.0,-43.0,-43.0,-41.0,-44.0,-43.0,-43.0,-40.0,-40.0,-41.0,-41.0
0.0,38.0,36.0,42.0,44.0,44.0,46.0,44.0,45.0,46.0,43.0,45.0,41.0,38.0,37.0,32.0,25.0
0.0,-60.0,-58.0,-57.0,-56.0,-57.0,-59.0,-56.0,-54.0,-54.0,-56.0,-58.0,-52.0,-54.0,-53.0,-51.0,-50.0
0.0,-50.0,-52.0,-48.0,-44.0,-44.0,-41.0,-43.0,-42.0,-38.0,-38.0,-37.0,-34.0,-30.0,-27.0,-25.0,-25.0
0.0,-78.0,-78.0,-83.0,-89.0,-89.0,-93.0,-100.0,-105.0,-122.0,-138.0,-152.0,-167.0,-173.0,-164.0,-179.0,-201.0
0.0,-49.0,-46.0,-47.0,-42.0,-47.0,-53.0,-48.0,-50.0,-44.0,-40.0,-41.0,-48.0,-57.0,-59.0,-55.0,-51.0
0.0,-60.0,-61.0,-64.0,-71.0,-78.0,-85.0,-96.0,-113.0,-119.0,-138.0,-151.0,-173.0,-189.0,-201.0,-194.0,-192.0
0.0,-61.0,-59.0,-63.0,-59.0,-57.0,-59.0,-56.0,-57.0,-57.0,-60.0,-59.0,-62.0,-63.0,-59.0,-60.0,-62.0
0.0,-66.0,-67.0,-69.0,-65.0,-65.0,-65.0,-63.0,-69.0,-66.0,-67.0,-62.0,-64.0,-65.0,-63.0,-66.0,-66.0
0.0,-93.0,-91.0,-96.0,-94.0,-97.0,-94.0,-94.0,-91.0,-88.0,-89.0,-90.0,-101.0,-110.0,-118.0,-120.0,-126.0
0.0,-75.0,-80.0,-79.0,-80.0,-77.0,-78.0,-79.0,-77.0,-78.0,-78.0,-81.0,-81.0,-79.0,-76.0,-75.0,-79.0
0.0,-73.0,-71.0,-71.0,-68.0,-70.0,-65.0,-68.0,-67.0,-69.0,-69.0,-63.0,-65.0,-63.0,-64.0,-63.0,-59.0
0.0,-32.0,-32.0,-32.0,-32.0,-32.0,-31.0,-28.0,-29.0,-26.0,-28.0,-25.0,-21.0,-19.0,-22.0,-20.0,-15.0
0.0,-80.0,-79.0,-82.0,-83.0,-85.0,-80.0,-81.0,-80.0,-86.0,-82.0,-80.0,-81.0,-83.0,-79.0,-78.0,-79.0
0.0,0.0,4.0,4.0,8.0,12.0,13.0,16.0,21.0,24.0,23.0,29.0,30.0,36.0,38.0,43.0,43.0
0.0,-85.0,-85.0,-86.0,-80.0,-86.0,-89.0,-93.0,-99.0,-108.0,-113.0,-123.0,-127.0,-141.0,-154.0,-174.0,-191.0
0.0,-64.0,-61.0,-61.0,-55.0,-63.0,-67.0,-70.0,-68.0,-61.0,-50.0,-44.0,-52.0,-58.0,-59.0,-64.0,-68.0
0.0,-65.0,-62.0,-60.0,-57.0,-54.0,-54.0,-51.0,-53.0,-49.0,-48.0,-43.0,-39.0,-39.0,-35.0,-31.0,-30.0
0.0,17.0,10.0,6.0,4.0,0.0,-4.0,-8.0,-10.0,-14.0,-16.0,-22.0,-23.0,-25.0,-25.0,-25.0,-29.0
0.0,-45.0,-50.0,-51.0,-49.0,-49.0,-48.0,-49.0,-49.0,-46.0,-44.0,-42.0,-44.0,-41.0,-38.0,-36.0,-34.0
0.0,-57.0,-61.0,-65.0,-64.0,-67.0,-68.0,-70.0,-70.0,-71.0,-69.0,-70.0,-73.0,-74.0,-72.0,-72.0,-75.0
0.0,-225.0,-222.0,-218.0,-220.0,-215.0,-241.0,-292.0,-319.0,-320.0,-322.0,-315.0,-303.0,-280.0,-268.0,-265.0,-263.0
0.0,-76.0,-80.0,-81.0,-97.0,-105.0,-111.0,-123.0,-139.0,-157.0,-175.0,-189.0,-196.0,-191.0,-196.0,-220.0,-235.0
0.0,-31.0,-38.0,-35.0,-37.0,-39.0,-38.0,-37.0,-35.0,-37.0,-38.0,-37.0,-35.0,-38.0,-37.0,-38.0,-42.0
0.0,15.0,16.0,20.0,20.0,16.0,15.0,12.0,13.0,10.0,3.0,7.0,2.0,0.0,-3.0,-4.0,-8.0
0.0,-11.0,-8.0,-12.0,-12.0,-17.0,-10.0,-8.0,-18.0,-20.0,-14.0,-11.0,-14.0,-22.0,-30.0,-28.0,-19.0
0.0,-67.0,-68.0,-62.0,-60.0,-56.0,-60.0,-56.0,-62.0,-67.0,-79.0,-85.0,-81.0,-76.0,-81.0,-83.0,-75.0
0.0,43.0,40.0,38.0,35.0,31.0,27.0,24.0,18.0,12.0,8.0,2.0,1.0,0.0,-5.0,-11.0,-13.0
0.0,-112.0,-130.0,-147.0,-164.0,-172.0,-164.0,-155.0,-177.0,-195.0,-201.0,-214.0,-236.0,-248.0,-245.0,-255.0,-261.0
0.0,-51.0,-53.0,-54.0,-54.0,-53.0,-58.0,-55.0,-56.0,-59.0,-58.0,-58.0,-58.0,-60.0,-61.0,-59.0,-60.0
0.0,-45.0,-53.0,-51.0,-54.0,-52.0,-51.0,-50.0,-47.0,-47.0,-45.0,-45.0,-46.0,-39.0,-40.0,-35.0,-35.0
0.0,-72.0,-54.0,-46.0,-39.0,-28.0,-30.0,-34.0,-29.0,-29.0,-29.0,-34.0,-30.0,-29.0,-34.0,-30.0,-35.0
0.0,-46.0,-43.0,-49.0,-47.0,-48.0,-47.0,-48.0,-46.0,-45.0,-48.0,-45.0,-47.0,-44.0,-49.0,-45.0,-45.0
0.0,-173.0,-188.0,-195.0,-206.0,-220.0,-237.0,-244.0,-259.0,-254.0,-241.0,-212.0,-204.0,-209.0,-197.0,-173.0,-149.0
0.0,35.0,31.0,29.0,27.0,25.0,22.0,17.0,13.0,13.0,8.0,7.0,2.0,-2.0,-4.0,-9.0,-14.0
0.0,-38.0,-39.0,-43.0,-46.0,-49.0,-50.0,-50.0,-52.0,-55.0,-52.0,-53.0,-55.0,-56.0,-53.0,-55.0,-58.0
0.0,6.0,13.0,13.0,19.0,21.0,17.0,22.0,25.0,29.0,31.0,29.0,30.0,27.0,29.0,24.0,24.0
0.0,-44.0,-39.0,-35.0,-36.0,-38.0,-42.0,-44.0,-44.0,-41.0,-40.0,-47.0,-50.0,-56.0,-60.0,-63.0,-64.0
0.0,38.0,36.0,30.0,25.0,20.0,20.0,11.0,12.0,9.0,3.0,-6.0,-3.0,-8.0,-13.0,-12.0,-14.0
0.0,-54.0,-54.0,-58.0,-52.0,-54.0,-50.0,-49.0,-45.0,-46.0,-51.0,-47.0,-47.0,-48.0,-47.0,-43.0,-48.0
0.0,-22.0,-30.0,-33.0,-32.0,-28.0,-32.0,-32.0,-42.0,-44.0,-48.0,-50.0,-51.0,-57.0,-52.0,-52.0,-52.0
0.0,-85.0,-84.0,-79.0,-78.0,-75.0,-76.0,-78.0,-81.0,-82.0,-89.0,-97.0,-99.0,-97.0,-97.0,-92.0,-95.0
0.0,-55.0,-58.0,-56.0,-58.0,-61.0,-60.0,-61.0,-58.0,-59.0,-59.0,-58.0,-58.0,-55.0,-59.0,-58.0,-57.0
0.0,-38.0,-44.0,-50.0,-51.0,-49.0,-45.0,-38.0,-32.0,-36.0,-34.0,-41.0,-35.0,-31.0,-30.0,-37.0,-44.0
0.0,16.0,15.0,15.0,15.0,14.0,9.0,4.0,2.0,0.0,-5.0,-8.0,-8.0,-14.0,-18.0,-25.0,-29.0
0.0,-108.0,-87.0,-63.0,-47.0,-32.0,-28.0,-18.0,-22.0,-20.0,-28.0,-39.0,-41.0,-39.0,-40.0,-41.0,-39.0
0.0,-11.0,-9.0,-6.0,-1.0,-2.0,0.0,4.0,6.0,10.0,6.0,8.0,12.0,12.0,15.0,16.0,14.0
0.0,-70.0,-76.0,-75.0,-74.0,-69.0,-68.0,-64.0,-61.0,-65.0,-64.0,-68.0,-69.0,-83.0,-90.0,-90.0,-85.0
0.0,-29.0,-27.0,-27.0,-29.0,-25.0,-23.0,-24.0,-20.0,-25.0,-27.0,-27.0,-26.0,-26.0,-21.0,-21.0,-18.0
0.0,-95.0,-97.0,-91.0,-90.0,-88.0,-88.0,-84.0,-83.0,-76.0,-75.0,-69.0,-71.0,-64.0,-59.0,-55.0,-50.0
0.0,-49.0,-46.0,-47.0,-48.0,-45.0,-41.0,-45.0,-40.0,-38.0,-35.0,-37.0,-33.0,-32.0,-31.0,-29.0,-29.0
0.0,-79.0,-74.0,-77.0,-77.0,-81.0,-80.0,-76.0,-77.0,-77.0,-77.0,-78.0,-76.0,-75.0,-74.0,-76.0,-76.0
0.0,-254.0,-262.0,-283.0,-293.0,-288.0,-265.0,-240.0,-218.0,-193.0,-163.0,-156.0,-155.0,-151.0,-134.0,-115.0,-98.0
0.0,-60.0,-58.0,-51.0,-54.0,-58.0,-59.0,-58.0,-62.0,-66.0,-76.0,-90.0,-95.0,-97.0,-98.0,-105.0,-101.0
0.0,-68.0,-68.0,-66.0,-67.0,-68.0,-67.0,-68.0,-70.0,-68.0,-69.0,-68.0,-71.0,-70.0,-68.0,-69.0,-67.0
0.0,-84.0,-80.0,-80.0,-78.0,-78.0,-79.0,-81.0,-83.0,-76.0,-81.0,-81.0,-82.0,-79.0,-82.0,-80.0,-79.0
0.0,-8.0,-15.0,-18.0,-21.0,-25.0,-29.0,-28.0,-32.0,-33.0,-35.0,-38.0,-36.0,-39.0,-39.0,-41.0,-42.0
0.0,-94.0,-93.0,-93.0,-92.0,-95.0,-93.0,-93.0,-92.0,-95.0,-93.0,-92.0,-91.0,-89.0,-93.0,-100.0,-99.0
0.0,-13.0,-15.0,-15.0,-20.0,-24.0,-25.0,-27.0,-29.0,-27.0,-28.0,-32.0,-31.0,-35.0,-34.0,-34.0,-36.0
0.0,-178.0,-166.0,-150.0,-131.0,-109.0,-92.0,-72.0,-60.0,-51.0,-46.0,-51.0,-47.0,-44.0,-58.0,-59.0,-57.0
0.0,-68.0,-71.0,-72.0,-73.0,-76.0,-78.0,-86.0,-90.0,-95.0,-102.0,-111.0,-126.0,-151.0,-166.0,-180.0,-177.0
0.0,-57.0,-57.0,-58.0,-61.0,-60.0,-57.0,-55.0,-54.0,-52.0,-54.0,-52.0,-59.0,-61.0,-72.0,-68.0,-73.0
0.0,-53.0,-50.0,-58.0,-56.0,-53.0,-52.0,-54.0,-56.0,-59.0,-63.0,-59.0,-56.0,-56.0,-56.0,-58.0,-66.0
0.0,-146.0,-140.0,-123.0,-95.0,-67.0,-50.0,-40.0,-31.0,-26.0,-28.0,-29.0,-23.0,-27.0,-30.0,-34.0,-30.0
0.0,-243.0,-254.0,-254.0,-258.0,-242.0,-223.0,-203.0,-169.0,-149.0,-147.0,-147.0,-142.0,-131.0,-110.0,-87.0,-66.0
0.0,-116.0,-131.0,-142.0,-152.0,-156.0,-151.0,-145.0,-163.0,-175.0,-174.0,-162.0,-163.0,-167.0,-175.0,-205.0,-229.0
0.0,-44.0,-43.0,-44.0,-45.0,-45.0,-45.0,-42.0,-46.0,-42.0,-49.0,-45.0,-40.0,-38.0,-33.0,-33.0,-36.0
0.0,-64.0,-66.0,-67.0,-67.0,-71.0,-64.0,-71.0,-68.0,-68.0,-65.0,-69.0,-68.0,-68.0,-71.0,-65.0,-67.0
0.0,-97.0,-99.0,-93.0,-95.0,-95.0,-95.0,-96.0,-99.0,-95.0,-100.0,-98.0,-98.0,-95.0,-94.0,-95.0,-95.0
0.0,-55.0,-59.0,-63.0,-66.0,-64.0,-62.0,-64.0,-64.0,-61.0,-57.0,-53.0,-51.0,-53.0,-55.0,-63.0,-73.0
0.0,-89.0,-64.0,-52.0,-41.0,-31.0,-30.0,-28.0,-21.0,-21.0,-21.0,-21.0,-19.0,-20.0,-20.0,-19.0,-16.0
0.0,-46.0,-46.0,-41.0,-40.0,-39.0,-38.0,-41.0,-38.0,-39.0,-39.0,-39.0,-34.0,-35.0,-33.0,-25.0,-25.0
0.0,-54.0,-57.0,-61.0,-61.0,-58.0,-60.0,-61.0,-60.0,-58.0,-61.0,-60.0,-54.0,-54.0,-52.0,-54.0,-60.0
0.0,-67.0,-72.0,-67.0,-68.0,-69.0,-70.0,-70.0,-71.0,-74.0,-72.0,-73.0,-74.0,-74.0,-77.0,-74.0,-72.0
0.0,6.0,8.0,5.0,2.0,4.0,2.0,0.0,-2.0,-3.0,-7.0,-7.0,-9.0,-16.0,-15.0,-19.0,-25.0
0.0,-36.0,-34.0,-34.0,-39.0,-37.0,-36.0,-40.0,-39.0,-40.0,-41.0,-38.0,-40.0,-41.0,-42.0,-43.0,-38.0
0.0,-61.0,-56.0,-59.0,-63.0,-57.0,-53.0,-51.0,-48.0,-49.0,-52.0,-59.0,-53.0,-56.0,-56.0,-58.0,-65.0
0.0,-98.0,-99.0,-101.0,-94.0,-99.0,-101.0,-99.0,-96.0,-96.0,-99.0,-96.0,-98.0,-99.0,-100.0,-96.0,-97.0
0.0,-84.0,-81.0,-87.0,-83.0,-82.0,-88.0,-95.0,-95.0,-97.0,-95.0,-104.0,-112.0,-115.0,-120.0,-136.0,-155.0
0.0,-67.0,-65.0,-68.0,-77.0,-79.0,-80.0,-84.0,-87.0,-94.0,-98.0,-88.0,-83.0,-75.0,-79.0,-75.0,-75.0
0.0,-53.0,-51.0,-48.0,-50.0,-47.0,-47.0,-45.0,-46.0,-43.0,-42.0,-43.0,-38.0,-47.0,-48.0,-48.0,-42.0
0.0,-66.0,-68.0,-63.0,-60.0,-61.0,-63.0,-61.0,-61.0,-58.0,-58.0,-57.0,-57.0,-66.0,-65.0,-54.0,-53.0
0.0,-48.0,-48.0,-47.0,-50.0,-52.0,-55.0,-51.0,-52.0,-56.0,-52.0,-53.0,-54.0,-55.0,-56.0,-55.0,-56.0
0.0,-228.0,-219.0,-214.0,-189.0,-161.0,-135.0,-123.0,-108.0,-96.0,-97.0,-101.0,-102.0,-96.0,-98.0,-103.0,-101.0
0.0,-72.0,-70.0,-71.0,-70.0,-67.0,-73.0,-64.0,-64.0,-60.0,-59.0,-57.0,-60.0,-64.0,-67.0,-64.0,-60.0
0.0,-67.0,-70.0,-74.0,-72.0,-70.0,-69.0,-68.0,-70.0,-72.0,-72.0,-65.0,-63.0,-57.0,-63.0,-63.0,-66.0
0.0,-55.0,-53.0,-56.0,-53.0,-53.0,-53.0,-52.0,-47.0,-48.0,-46.0,-44.0,-43.0,-40.0,-41.0,-42.0,-38.0
0.0,-10.0,-13.0,-16.0,-16.0,-20.0,-20.0,-22.0,-26.0,-28.0,-29.0,-30.0,-40.0,-38.0,-36.0,-39.0,-39.0
0.0,-79.0,-78.0,-80.0,-81.0,-80.0,-79.0,-76.0,-80.0,-78.0,-75.0,-74.0,-68.0,-69.0,-65.0,-67.0,-69.0
0.0,-69.0,-71.0,-72.0,-70.0,-75.0,-76.0,-70.0,-66.0,-69.0,-63.0,-60.0,-63.0,-63.0,-73.0,-78.0,-87.0
0.0,-82.0,-87.0,-87.0,-93.0,-101.0,-106.0,-107.0,-123.0,-139.0,-152.0,-171.0,-177.0,-170.0,-179.0,-204.0,-223.0
0.0,-47.0,-47.0,-45.0,-48.0,-44.0,-49.0,-45.0,-49.0,-48.0,-40.0,-36.0,-34.0,-32.0,-33.0,-37.0,-40.0
0.0,-46.0,-39.0,-42.0,-44.0,-50.0,-55.0,-58.0,-60.0,-60.0,-66.0,-62.0,-70.0,-65.0,-66.0,-60.0,-58.0
0.0,-73.0,-71.0,-72.0,-69.0,-66.0,-62.0,-62.0,-61.0,-70.0,-83.0,-87.0,-88.0,-86.0,-83.0,-81.0,-86.0
0.0,-46.0,-52.0,-52.0,-53.0,-56.0,-58.0,-58.0,-57.0,-55.0,-55.0,-53.0,-51.0,-51.0,-51.0,-49.0,-50.0
0.0,-60.0,-59.0,-58.0,-53.0,-57.0,-60.0,-64.0,-56.0,-59.0,-50.0,-50.0,-48.0,-50.0,-50.0,-59.0,-54.0
0.0,9.0,7.0,7.0,10.0,7.0,6.0,11.0,8.0,5.0,9.0,6.0,8.0,4.0,7.0,4.0,4.0
0.0,-13.0,-10.0,-7.0,0.0,3.0,3.0,8.0,7.0,7.0,15.0,19.0,21.0,22.0,23.0,28.0,30.0
0.0,-21.0,-28.0,-29.0,-27.0,-26.0,-30.0,-29.0,-28.0,-28.0,-29.0,-30.0,-26.0,-30.0,-29.0,-29.0,-28.0
0.0,-21.0,-16.0,-14.0,-11.0,-10.0,-11.0,-17.0,-16.0,-17.0,-19.0,-19.0,-20.0,-28.0,-34.0,-34.0,-39.0
0.0,-145.0,-118.0,-95.0,-76.0,-66.0,-59.0,-55.0,-62.0,-59.0,-56.0,-64.0,-63.0,-63.0,-60.0,-62.0,-61.0
0.0,-133.0,-149.0,-164.0,-181.0,-196.0,-196.0,-184.0,-180.0,-171.0,-162.0,-169.0,-166.0,-165.0,-204.0,-263.0,-272.0
0.0,-43.0,-42.0,-45.0,-44.0,-36.0,-35.0,-37.0,-39.0,-32.0,-29.0,-28.0,-24.0,-22.0,-22.0,-13.0,-8.0
0.0,-46.0,-49.0,-45.0,-43.0,-45.0,-43.0,-47.0,-44.0,-44.0,-46.0,-47.0,-40.0,-43.0,-42.0,-32.0,-33.0
0.0,-85.0,-86.0,-83.0,-82.0,-84.0,-86.0,-84.0,-82.0,-84.0,-82.0,-84.0,-85.0,-84.0,-84.0,-87.0,-83.0
0.0,-320.0,-286.0,-278.0,-268.0,-243.0,-225.0,-198.0,-169.0,-148.0,-129.0,-121.0,-120.0,-119.0,-118.0,-121.0,-120.0
0.0,-75.0,-73.0,-72.0,-77.0,-74.0,-79.0,-77.0,-75.0,-73.0,-74.0,-77.0,-72.0,-70.0,-69.0,-66.0,-63.0
0.0,-67.0,-62.0,-61.0,-59.0,-58.0,-58.0,-60.0,-57.0,-54.0,-53.0,-53.0,-54.0,-52.0,-48.0,-46.0,-49.0
0.0,103.0,108.0,97.0,77.0,66.0,57.0,38.0,14.0,16.0,5.0,-13.0,-18.0,-9.0,0.0,13.0,45.0
0.0,-483.0,-498.0,-477.0,-426.0,-402.0,-389.0,-378.0,-355.0,-334.0,-312.0,-284.0,-252.0,-232.0,-201.0,-164.0,-127.0
0.0,-72.0,-67.0,-71.0,-72.0,-70.0,-71.0,-73.0,-71.0,-74.0,-74.0,-70.0,-72.0,-74.0,-73.0,-72.0,-71.0
0.0,-98.0,-96.0,-96.0,-95.0,-98.0,-104.0,-100.0,-103.0,-100.0,-101.0,-96.0,-93.0,-97.0,-99.0,-95.0,-97.0
0.0,-4.0,-8.0,-10.0,-14.0,-16.0,-21.0,-21.0,-18.0,-26.0,-27.0,-23.0,-31.0,-38.0,-43.0,-44.0,-43.0
0.0,-54.0,-53.0,-59.0,-68.0,-78.0,-79.0,-75.0,-72.0,-71.0,-76.0,-72.0,-72.0,-70.0,-72.0,-70.0,-71.0
0.0,-73.0,-72.0,-64.0,-64.0,-66.0,-65.0,-67.0,-69.0,-64.0,-64.0,-64.0,-65.0,-62.0,-64.0,-62.0,-66.0
0.0,-147.0,-149.0,-151.0,-163.0,-181.0,-180.0,-178.0,-207.0,-258.0,-259.0,-261.0,-279.0,-290.0,-306.0,-278.0,-255.0
0.0,-63.0,-59.0,-62.0,-60.0,-59.0,-55.0,-55.0,-50.0,-53.0,-53.0,-49.0,-52.0,-48.0,-48.0,-42.0,-40.0
0.0,-48.0,-48.0,-53.0,-49.0,-47.0,-46.0,-49.0,-53.0,-53.0,-55.0,-55.0,-56.0,-60.0,-59.0,-56.0,-53.0
0.0,-28.0,-34.0,-31.0,-39.0,-33.0,-34.0,-38.0,-37.0,-35.0,-38.0,-37.0,-35.0,-39.0,-40.0,-37.0,-37.0
0.0,-56.0,-53.0,-59.0,-59.0,-60.0,-62.0,-61.0,-62.0,-63.0,-59.0,-61.0,-61.0,-66.0,-64.0,-67.0,-64.0
0.0,-9.0,-13.0,-16.0,-19.0,-15.0,-23.0,-21.0,-21.0,-21.0,-24.0,-20.0,-24.0,-24.0,-24.0,-24.0,-26.0
0.0,-102.0,-99.0,-97.0,-102.0,-99.0,-104.0,-102.0,-101.0,-104.0,-111.0,-107.0,-107.0,-111.0,-109.0,-105.0,-111.0
0.0,-166.0,-145.0,-121.0,-92.0,-67.0,-47.0,-36.0,-35.0,-37.0,-27.0,-29.0,-31.0,-35.0,-27.0,-29.0,-29.0
0.0,-52.0,-49.0,-51.0,-50.0,-49.0,-50.0,-46.0,-45.0,-48.0,-51.0,-54.0,-49.0,-49.0,-52.0,-52.0,-48.0
0.0,-83.0,-73.0,-64.0,-54.0,-52.0,-53.0,-52.0,-47.0,-51.0,-46.0,-44.0,-46.0,-48.0,-47.0,-43.0,-43.0
0.0,-31.0,-26.0,-19.0,-12.0,-15.0,-17.0,-22.0,-23.0,-26.0,-34.0,-22.0,-9.0,-5.0,-6.0,1.0,4.0
0.0,-80.0,-89.0,-97.0,-95.0,-100.0,-95.0,-89.0,-85.0,-86.0,-85.0,-83.0,-85.0,-87.0,-88.0,-92.0,-93.0
0.0,-5.0,-6.0,-5.0,-4.0,-3.0,-4.0,-3.0,0.0,-3.0,-4.0,-8.0,-7.0,-7.0,-16.0,-16.0,-15.0
0.0,-63.0,-54.0,-66.0,-65.0,-62.0,-61.0,-61.0,-63.0,-63.0,-68.0,-55.0,-56.0,-61.0,-59.0,-59.0,-59.0
0.0,-73.0,-76.0,-76.0,-73.0,-73.0,-76.0,-74.0,-74.0,-72.0,-76.0,-77.0,-78.0,-76.0,-76.0,-75.0,-75.0
0.0,-65.0,-59.0,-56.0,-52.0,-53.0,-53.0,-52.0,-54.0,-55.0,-49.0,-48.0,-46.0,-47.0,-49.0,-49.0,-49.0
0.0,8.0,11.0,15.0,21.0,15.0,19.0,22.0,24.0,31.0,33.0,36.0,35.0,39.0,40.0,38.0,43.0
0.0,-22.0,-21.0,-19.0,-15.0,-7.0,-3.0,-6.0,-3.0,-1.0,4.0,10.0,9.0,15.0,15.0,23.0,26.0
0.0,70.0,74.0,68.0,75.0,84.0,89.0,91.0,88.0,97.0,102.0,104.0,106.0,110.0,116.0,123.0,125.0
0.0,-47.0,-44.0,-47.0,-49.0,-50.0,-49.0,-49.0,-48.0,-48.0,-47.0,-51.0,-45.0,-47.0,-49.0,-45.0,-47.0
0.0,-39.0,-42.0,-40.0,-40.0,-41.0,-41.0,-41.0,-44.0,-40.0,-40.0,-42.0,-40.0,-41.0,-36.0,-34.0,-30.0
0.0,15.0,15.0,19.0,19.0,19.0,24.0,20.0,20.0,22.0,22.0,19.0,21.0,18.0,18.0,9.0,6.0
0.0,-58.0,-56.0,-55.0,-55.0,-55.0,-55.0,-55.0,-56.0,-55.0,-55.0,-53.0,-56.0,-55.0,-55.0,-54.0,-56.0
0.0,-55.0,-55.0,-55.0,-55.0,-58.0,-55.0,-56.0,-53.0,-54.0,-57.0,-56.0,-59.0,-55.0,-56.0,-55.0,-56.0
0.0,-82.0,-79.0,-80.0,-82.0,-80.0,-81.0,-79.0,-82.0,-79.0,-76.0,-77.0,-78.0,-80.0,-79.0,-79.0,-77.0
0.0,-55.0,-54.0,-52.0,-48.0,-53.0,-52.0,-44.0,-48.0,-43.0,-44.0,-49.0,-58.0,-63.0,-66.0,-67.0,-64.0
0.0,10.0,3.0,5.0,-1.0,-5.0,-8.0,-16.0,-20.0,-19.0,-23.0,-25.0,-32.0,-34.0,-41.0,-43.0,-41.0
0.0,-11.0,-7.0,-5.0,-4.0,-6.0,-4.0,-3.0,-2.0,3.0,8.0,10.0,14.0,14.0,17.0,17.0,20.0
0.0,-66.0,-65.0,-68.0,-68.0,-71.0,-75.0,-77.0,-74.0,-83.0,-93.0,-99.0,-111.0,-129.0,-138.0,-154.0,-166.0
0.0,-56.0,-55.0,-52.0,-46.0,-44.0,-47.0,-44.0,-46.0,-45.0,-40.0,-38.0,-35.0,-32.0,-29.0,-28.0,-28.0
0.0,-24.0,-27.0,-22.0,-24.0,-23.0,-19.0,-18.0,-15.0,-16.0,-15.0,-16.0,-9.0,-11.0,-8.0,-7.0,-3.0
0.0,302.0,301.0,302.0,302.0,302.0,298.0,303.0,302.0,305.0,302.0,302.0,299.0,300.0,299.0,298.0,298.0
0.0,-54.0,-54.0,-57.0,-56.0,-53.0,-60.0,-57.0,-58.0,-58.0,-63.0,-61.0,-55.0,-57.0,-54.0,-54.0,-54.0
0.0,37.0,42.0,41.0,40.0,44.0,41.0,44.0,42.0,43.0,41.0,37.0,30.0,27.0,24.0,22.0,19.0
0.0,-57.0,-48.0,-45.0,-44.0,-47.0,-54.0,-53.0,-69.0,-75.0,-70.0,-67.0,-66.0,-68.0,-69.0,-69.0,-70.0
0.0,-29.0,-29.0,-30.0,-31.0,-27.0,-29.0,-27.0,-25.0,-21.0,-22.0,-19.0,-14.0,-20.0,-15.0,-14.0,-14.0
0.0,-56.0,-53.0,-54.0,-55.0,-56.0,-51.0,-51.0,-54.0,-54.0,-50.0,-49.0,-50.0,-50.0,-53.0,-55.0,-52.0
0.0,-62.0,-63.0,-66.0,-65.0,-67.0,-64.0,-61.0,-56.0,-58.0,-51.0,-55.0,-57.0,-64.0,-74.0,-78.0,-72.0
0.0,-74.0,-71.0,-71.0,-66.0,-65.0,-64.0,-62.0,-62.0,-65.0,-71.0,-79.0,-81.0,-83.0,-82.0,-82.0,-79.0
0.0,84.0,80.0,74.0,72.0,71.0,69.0,62.0,61.0,61.0,56.0,51.0,49.0,50.0,49.0,48.0,43.0
0.0,2.0,1.0,-5.0,-7.0,-11.0,-17.0,-19.0,-23.0,-18.0,-24.0,-28.0,-24.0,-27.0,-28.0,-30.0,-28.0
0.0,-25.0,-30.0,-29.0,-29.0,-30.0,-30.0,-30.0,-32.0,-32.0,-33.0,-34.0,-35.0,-35.0,-37.0,-35.0,-39.0
0.0,-53.0,-62.0,-74.0,-78.0,-87.0,-101.0,-112.0,-126.0,-131.0,-119.0,-120.0,-151.0,-180.0,-199.0,-198.0,-196.0
0.0,-23.0,-19.0,-19.0,-16.0,-15.0,-13.0,-3.0,-6.0,-7.0,-5.0,-4.0,-1.0,0.0,1.0,5.0,6.0
0.0,-78.0,-77.0,-81.0,-89.0,-98.0,-101.0,-114.0,-130.0,-150.0,-178.0,-191.0,-191.0,-208.0,-220.0,-226.0,-239.0
0.0,-41.0,-38.0,-36.0,-42.0,-42.0,-34.0,-30.0,-30.0,-31.0,-32.0,-34.0,-35.0,-35.0,-35.0,-24.0,-20.0
0.0,-39.0,-45.0,-38.0,-31.0,-24.0,-24.0,-25.0,-26.0,-24.0,-21.0,-12.0,-3.0,-4.0,-9.0,-7.0,-4.0
0.0,-68.0,-68.0,-69.0,-70.0,-67.0,-69.0,-68.0,-71.0,-71.0,-71.0,-77.0,-82.0,-83.0,-88.0,-94.0,-102.0
0.0,14.0,15.0,11.0,9.0,7.0,4.0,2.0,1.0,-1.0,-6.0,-8.0,-12.0,-13.0,-20.0,-25.0,-25.0
0.0,-93.0,-95.0,-101.0,-104.0,-117.0,-125.0,-143.0,-159.0,-168.0,-182.0,-189.0,-198.0,-204.0,-199.0,-185.0,-171.0
0.0,-90.0,-91.0,-89.0,-86.0,-83.0,-86.0,-91.0,-88.0,-90.0,-96.0,-88.0,-83.0,-81.0,-80.0,-86.0,-88.0
0.0,-109.0,-116.0,-113.0,-110.0,-107.0,-110.0,-110.0,-109.0,-109.0,-108.0,-107.0,-105.0,-105.0,-108.0,-97.0,-100.0
0.0,-97.0,-100.0,-98.0,-98.0,-99.0,-103.0,-103.0,-103.0,-104.0,-101.0,-99.0,-100.0,-103.0,-103.0,-103.0,-101.0
0.0,-2.0,1.0,3.0,4.0,5.0,4.0,8.0,8.0,13.0,18.0,20.0,21.0,24.0,27.0,33.0,39.0
0.0,-37.0,-35.0,-37.0,-34.0,-29.0,-28.0,-24.0,-23.0,-22.0,-22.0,-18.0,-20.0,-10.0,-12.0,-10.0,-4.0
0.0,-41.0,-43.0,-43.0,-42.0,-42.0,-40.0,-40.0,-43.0,-42.0,-44.0,-42.0,-43.0,-42.0,-42.0,-39.0,-40.0
0.0,-23.0,-18.0,-15.0,-15.0,-10.0,-7.0,-2.0,-4.0,-1.0,1.0,2.0,2.0,0.0,6.0,4.0,6.0
0.0,-45.0,-44.0,-49.0,-47.0,-53.0,-52.0,-50.0,-48.0,-53.0,-53.0,-53.0,-53.0,-53.0,-57.0,-56.0,-52.0
0.0,-50.0,-46.0,-44.0,-39.0,-39.0,-34.0,-35.0,-36.0,-35.0,-32.0,-38.0,-32.0,-29.0,-28.0,-31.0,-34.0
0.0,-67.0,-77.0,-80.0,-75.0,-93.0,-120.0,-127.0,-119.0,-114.0,-125.0,-150.0,-169.0,-164.0,-160.0,-169.0,-160.0
0.0,-70.0,-68.0,-64.0,-69.0,-70.0,-73.0,-80.0,-88.0,-92.0,-87.0,-85.0,-84.0,-87.0,-87.0,-83.0,-84.0
0.0,-59.0,-54.0,-56.0,-54.0,-52.0,-53.0,-48.0,-48.0,-43.0,-47.0,-42.0,-39.0,-37.0,-32.0,-32.0,-29.0
0.0,-51.0,-57.0,-57.0,-54.0,-52.0,-56.0,-55.0,-58.0,-55.0,-56.0,-58.0,-54.0,-55.0,-56.0,-57.0,-52.0
0.0,-16.0,-17.0,-15.0,-15.0,-11.0,-11.0,-7.0,-5.0,-2.0,-4.0,0.0,4.0,6.0,10.0,14.0,16.0
0.0,-162.0,-121.0,-94.0,-76.0,-58.0,-47.0,-45.0,-37.0,-38.0,-34.0,-34.0,-37.0,-38.0,-35.0,-34.0,-40.0
0.0,12.0,11.0,16.0,21.0,26.0,22.0,18.0,14.0,17.0,15.0,15.0,14.0,10.0,5.0,2.0,-1.0
0.0,-88.0,-85.0,-87.0,-88.0,-94.0,-98.0,-96.0,-89.0,-81.0,-83.0,-84.0,-88.0,-83.0,-85.0,-89.0,-91.0
0.0,-34.0,-32.0,-38.0,-41.0,-40.0,-33.0,-29.0,-30.0,-29.0,-30.0,-32.0,-28.0,-27.0,-28.0,-32.0,-36.0
0.0,6.0,6.0,7.0,9.0,9.0,8.0,4.0,5.0,3.0,1.0,0.0,0.0,-6.0,-10.0,-14.0,-14.0
0.0,-32.0,-26.0,-24.0,-25.0,-20.0,-21.0,-16.0,-14.0,-8.0,-6.0,-10.0,-4.0,-6.0,-5.0,-6.0,-10.0
0.0,-52.0,-48.0,-51.0,-51.0,-50.0,-53.0,-51.0,-48.0,-44.0,-39.0,-34.0,-33.0,-32.0,-32.0,-33.0,-32.0
0.0,-146.0,-149.0,-145.0,-147.0,-150.0,-152.0,-149.0,-149.0,-151.0,-152.0,-151.0,-151.0,-152.0,-156.0,-152.0,-154.0
0.0,-59.0,-58.0,-60.0,-56.0,-59.0,-57.0,-58.0,-57.0,-57.0,-60.0,-60.0,-59.0,-60.0,-63.0,-61.0,-61.0
0.0,-123.0,-143.0,-154.0,-167.0,-174.0,-165.0,-183.0,-208.0,-221.0,-222.0,-234.0,-243.0,-252.0,-271.0,-284.0,-286.0
0.0,-41.0,-40.0,-36.0,-38.0,-43.0,-40.0,-41.0,-43.0,-47.0,-43.0,-43.0,-44.0,-40.0,-40.0,-42.0,-44.0
0.0,-99.0,-109.0,-125.0,-141.0,-157.0,-168.0,-173.0,-164.0,-164.0,-185.0,-202.0,-201.0,-205.0,-220.0,-224.0,-227.0
0.0,-75.0,-78.0,-90.0,-97.0,-98.0,-104.0,-112.0,-119.0,-140.0,-157.0,-168.0,-165.0,-162.0,-183.0,-198.0,-204.0
0.0,-2.0,-4.0,-4.0,-1.0,2.0,6.0,7.0,4.0,11.0,15.0,12.0,17.0,18.0,20.0,16.0,20.0
0.0,-32.0,-27.0,-27.0,-31.0,-26.0,-30.0,-32.0,-32.0,-29.0,-24.0,-26.0,-24.0,-27.0,-29.0,-27.0,-30.0
0.0,-31.0,-30.0,-32.0,-32.0,-34.0,-30.0,-26.0,-31.0,-29.0,-26.0,-23.0,-24.0,-19.0,-19.0,-16.0,-15.0
0.0,-32.0,-32.0,-32.0,-32.0,-32.0,-30.0,-31.0,-31.0,-29.0,-27.0,-30.0,-28.0,-26.0,-23.0,-26.0,-20.0
0.0,-16.0,-22.0,-24.0,-28.0,-29.0,-36.0,-44.0,-47.0,-49.0,-49.0,-50.0,-56.0,-52.0,-61.0,-60.0,-61.0
0.0,-64.0,-61.0,-64.0,-67.0,-68.0,-67.0,-63.0,-67.0,-66.0,-70.0,-65.0,-64.0,-69.0,-68.0,-66.0,-68.0
0.0,-258.0,-256.0,-242.0,-222.0,-204.0,-171.0,-144.0,-127.0,-111.0,-100.0,-90.0,-87.0,-85.0,-81.0,-79.0,-80.0
0.0,-195.0,-177.0,-167.0,-150.0,-127.0,-103.0,-78.0,-64.0,-56.0,-45.0,-47.0,-52.0,-51.0,-51.0,-52.0,-56.0
0.0,-117.0,-116.0,-129.0,-140.0,-158.0,-167.0,-173.0,-171.0,-173.0,-193.0,-192.0,-184.0,-184.0,-200.0,-212.0,-222.0
0.0,-47.0,-42.0,-46.0,-46.0,-45.0,-41.0,-44.0,-48.0,-51.0,-55.0,-60.0,-66.0,-67.0,-65.0,-67.0,-66.0
0.0,-16.0,-11.0,-7.0,-2.0,2.0,4.0,10.0,12.0,12.0,21.0,18.0,21.0,21.0,20.0,20.0,17.0
0.0,-103.0,-83.0,-66.0,-53.0,-46.0,-40.0,-41.0,-45.0,-43.0,-44.0,-48.0,-50.0,-44.0,-47.0,-48.0,-47.0
0.0,-72.0,-67.0,-68.0,-66.0,-65.0,-70.0,-80.0,-85.0,-91.0,-91.0,-87.0,-84.0,-88.0,-88.0,-91.0,-87.0
0.0,-31.0,-34.0,-37.0,-37.0,-40.0,-44.0,-39.0,-40.0,-41.0,-42.0,-41.0,-40.0,-42.0,-43.0,-46.0,-39.0
0.0,-69.0,-57.0,-49.0,-54.0,-50.0,-50.0,-55.0,-58.0,-57.0,-57.0,-56.0,-54.0,-53.0,-57.0,-60.0,-51.0
0.0,-35.0,-31.0,-27.0,-27.0,-24.0,-26.0,-26.0,-24.0,-29.0,-37.0,-45.0,-50.0,-46.0,-42.0,-41.0,-43.0
0.0,16.0,10.0,9.0,4.0,0.0,-1.0,-1.0,-7.0,-8.0,-11.0,-14.0,-16.0,-15.0,-19.0,-24.0,-24.0
0.0,-68.0,-71.0,-71.0,-68.0,-64.0,-62.0,-63.0,-63.0,-63.0,-67.0,-79.0,-89.0,-89.0,-84.0,-82.0,-83.0
0.0,20.0,19.0,23.0,22.0,16.0,14.0,7.0,3.0,1.0,-2.0,-9.0,-25.0,-32.0,-47.0,-60.0,-67.0
0.0,-73.0,-70.0,-72.0,-77.0,-73.0,-79.0,-75.0,-73.0,-75.0,-72.0,-75.0,-78.0,-75.0,-78.0,-81.0,-79.0
0.0,-54.0,-59.0,-58.0,-58.0,-58.0,-59.0,-59.0,-58.0,-56.0,-61.0,-59.0,-56.0,-51.0,-48.0,-53.0,-48.0
0.0,10.0,4.0,1.0,1.0,-5.0,-8.0,-10.0,-10.0,-12.0,-22.0,-24.0,-28.0,-32.0,-32.0,-36.0,-37.0
0.0,-54.0,-56.0,-57.0,-55.0,-53.0,-54.0,-57.0,-56.0,-51.0,-55.0,-51.0,-52.0,-53.0,-54.0,-55.0,-54.0
0.0,-81.0,-83.0,-82.0,-82.0,-81.0,-78.0,-83.0,-80.0,-85.0,-80.0,-82.0,-80.0,-81.0,-81.0,-80.0,-76.0
0.0,-107.0,-114.0,-125.0,-123.0,-138.0,-154.0,-172.0,-182.0,-176.0,-167.0,-180.0,-191.0,-199.0,-201.0,-212.0,-241.0
0.0,-49.0,-53.0,-53.0,-52.0,-59.0,-56.0,-58.0,-58.0,-59.0,-63.0,-59.0,-59.0,-60.0,-61.0,-64.0,-64.0
0.0,-206.0,-195.0,-177.0,-150.0,-122.0,-102.0,-82.0,-65.0,-53.0,-54.0,-54.0,-49.0,-54.0,-53.0,-48.0,-49.0
0.0,-44.0,-43.0,-36.0,-35.0,-32.0,-28.0,-29.0,-26.0,-20.0,-14.0,-15.0,-12.0,-11.0,-8.0,-4.0,-3.0
0.0,-59.0,-51.0,-52.0,-50.0,-53.0,-55.0,-57.0,-56.0,-60.0,-59.0,-59.0,-54.0,-54.0,-55.0,-52.0,-53.0
0.0,-14.0,-13.0,-10.0,-13.0,-11.0,-4.0,-4.0,-1.0,-3.0,5.0,5.0,7.0,10.0,14.0,14.0,16.0
0.0,-78.0,-80.0,-80.0,-78.0,-80.0,-78.0,-80.0,-79.0,-81.0,-79.0,-80.0,-78.0,-78.0,-78.0,-80.0,-82.0
0.0,-330.0,-322.0,-324.0,-322.0,-315.0,-314.0,-320.0,-320.0,-311.0,-312.0,-312.0,-307.0,-306.0,-302.0,-297.0,-294.0
0.0,-331.0,-305.0,-280.0,-246.0,-208.0,-190.0,-179.0,-155.0,-133.0,-109.0,-86.0,-73.0,-70.0,-63.0,-59.0,-63.0
0.0,-38.0,-33.0,-30.0,-37.0,-42.0,-46.0,-50.0,-48.0,-47.0,-49.0,-49.0,-53.0,-46.0,-51.0,-42.0,-36.0
0.0,-51.0,-52.0,-53.0,-50.0,-54.0,-50.0,-53.0,-54.0,-55.0,-53.0,-54.0,-51.0,-48.0,-50.0,-52.0,-54.0
0.0,-32.0,-30.0,-28.0,-29.0,-28.0,-30.0,-32.0,-31.0,-32.0,-33.0,-31.0,-32.0,-33.0,-36.0,-31.0,-32.0
0.0,-80.0,-76.0,-82.0,-77.0,-83.0,-82.0,-85.0,-76.0,-78.0,-81.0,-80.0,-77.0,-82.0,-80.0,-82.0,-80.0
0.0,-68.0,-66.0,-71.0,-68.0,-68.0,-66.0,-68.0,-71.0,-69.0,-67.0,-68.0,-70.0,-67.0,-71.0,-69.0,-67.0
0.0,-125.0,-146.0,-156.0,-165.0,-173.0,-180.0,-192.0,-187.0,-166.0,-155.0,-121.0,-95.0,-73.0,-55.0,-29.0,-56.0
0.0,-40.0,-45.0,-46.0,-46.0,-46.0,-45.0,-42.0,-43.0,-47.0,-54.0,-57.0,-60.0,-63.0,-64.0,-54.0,-56.0
0.0,-74.0,-72.0,-73.0,-72.0,-71.0,-68.0,-63.0,-59.0,-59.0,-60.0,-63.0,-74.0,-83.0,-82.0,-85.0,-85.0
0.0,-30.0,-26.0,-22.0,-28.0,-36.0,-34.0,-37.0,-42.0,-49.0,-53.0,-55.0,-57.0,-52.0,-55.0,-56.0,-50.0
0.0,-45.0,-47.0,-44.0,-40.0,-37.0,-41.0,-46.0,-43.0,-43.0,-41.0,-43.0,-43.0,-40.0,-45.0,-48.0,-48.0
0.0,-79.0,-83.0,-86.0,-94.0,-95.0,-99.0,-109.0,-118.0,-125.0,-137.0,-151.0,-176.0,-194.0,-203.0,-197.0,-209.0
0.0,-58.0,-56.0,-57.0,-57.0,-57.0,-57.0,-56.0,-57.0,-59.0,-59.0,-60.0,-61.0,-55.0,-56.0,-55.0,-54.0
0.0,-65.0,-64.0,-67.0,-70.0,-73.0,-76.0,-76.0,-76.0,-73.0,-66.0,-69.0,-64.0,-61.0,-62.0,-68.0,-68.0
0.0,-74.0,-72.0,-74.0,-72.0,-77.0,-73.0,-73.0,-76.0,-76.0,-79.0,-79.0,-81.0,-80.0,-80.0,-81.0,-80.0
0.0,-70.0,-70.0,-68.0,-62.0,-58.0,-59.0,-58.0,-57.0,-64.0,-76.0,-83.0,-83.0,-82.0,-80.0,-79.0,-79.0
0.0,-40.0,-43.0,-43.0,-40.0,-42.0,-40.0,-40.0,-36.0,-36.0,-37.0,-41.0,-43.0,-46.0,-44.0,-41.0,-45.0
0.0,219.0,214.0,214.0,209.0,202.0,203.0,198.0,197.0,192.0,192.0,185.0,182.0,184.0,181.0,179.0,176.0
0.0,-30.0,-25.0,-21.0,-27.0,-25.0,-21.0,-20.0,-17.0,-16.0,-22.0,-22.0,-8.0,-10.0,-6.0,-7.0,-9.0
0.0,-303.0,-305.0,-294.0,-276.0,-256.0,-234.0,-206.0,-192.0,-186.0,-188.0,-180.0,-163.0,-141.0,-113.0,-90.0,-74.0
0.0,16.0,14.0,10.0,7.0,4.0,3.0,0.0,2.0,-6.0,-6.0,-11.0,-18.0,-15.0,-21.0,-25.0,-30.0
0.0,-48.0,-53.0,-52.0,-53.0,-57.0,-57.0,-57.0,-52.0,-49.0,-50.0,-50.0,-50.0,-46.0,-47.0,-44.0,-53.0
0.0,-18.0,-19.0,-18.0,-23.0,-26.0,-25.0,-22.0,-21.0,-17.0,-16.0,-20.0,-18.0,-19.0,-20.0,-21.0,-24.0
0.0,22.0,22.0,13.0,7.0,0.0,-1.0,1.0,0.0,-7.0,-17.0,-25.0,-23.0,-18.0,-10.0,-13.0,-21.0
0.0,-57.0,-58.0,-60.0,-60.0,-59.0,-61.0,-63.0,-58.0,-59.0,-62.0,-66.0,-63.0,-63.0,-66.0,-63.0,-64.0
0.0,-67.0,-64.0,-61.0,-61.0,-61.0,-72.0,-84.0,-88.0,-90.0,-84.0,-83.0,-82.0,-83.0,-82.0,-85.0,-77.0
0.0,-21.0,-21.0,-18.0,-18.0,-11.0,-10.0,0.0,-2.0,3.0,1.0,5.0,12.0,13.0,8.0,6.0,7.0
0.0,-10.0,-8.0,-11.0,-18.0,-27.0,-30.0,-31.0,-28.0,-27.0,-28.0,-30.0,-28.0,-31.0,-25.0,-26.0,-30.0
0.0,-33.0,-33.0,-34.0,-32.0,-38.0,-38.0,-33.0,-34.0,-34.0,-38.0,-45.0,-52.0,-56.0,-63.0,-71.0,-78.0
0.0,-4.0,-4.0,1.0,0.0,4.0,12.0,15.0,17.0,21.0,23.0,26.0,25.0,29.0,29.0,30.0,34.0
0.0,-111.0,-81.0,-58.0,-47.0,-34.0,-26.0,-22.0,-24.0,-23.0,-22.0,-24.0,-25.0,-29.0,-24.0,-24.0,-22.0
0.0,-64.0,-64.0,-64.0,-69.0,-64.0,-69.0,-64.0,-63.0,-69.0,-71.0,-64.0,-68.0,-70.0,-64.0,-63.0,-67.0
