1.0,-66.0,-68.0,-73.0,-70.0,-68.0,-66.0,-68.0,-78.0,-84.0,-93.0,-96.0,-91.0,-89.0,-92.0,-116.0,-130.0
1.0,16.0,10.0,6.0,1.0,-1.0,-6.0,-13.0,-15.0,-14.0,-22.0,-24.0,-28.0,-26.0,-30.0,-28.0,-29.0
1.0,-48.0,-47.0,-48.0,-52.0,-51.0,-52.0,-54.0,-55.0,-55.0,-56.0,-53.0,-57.0,-53.0,-54.0,-56.0,-55.0
1.0,-87.0,-103.0,-122.0,-137.0,-147.0,-150.0,-149.0,-168.0,-194.0,-205.0,-215.0,-236.0,-261.0,-263.0,-281.0,-296.0
1.0,-62.0,-60.0,-63.0,-63.0,-63.0,-62.0,-60.0,-62.0,-63.0,-63.0,-63.0,-65.0,-58.0,-61.0,-63.0,-59.0
1.0,-34.0,-30.0,-30.0,-34.0,-38.0,-38.0,-39.0,-40.0,-41.0,-48.0,-53.0,-54.0,-54.0,-58.0,-61.0,-59.0
1.0,-64.0,-59.0,-107.0,-171.0,-214.0,-249.0,-286.0,-288.0,-267.0,-243.0,-243.0,-241.0,-217.0,-190.0,-157.0,-127.0
1.0,-268.0,-276.0,-283.0,-282.0,-273.0,-251.0,-221.0,-209.0,-200.0,-177.0,-147.0,-121.0,-93.0,-76.0,-62.0,-51.0
1.0,-66.0,-67.0,-65.0,-64.0,-66.0,-65.0,-66.0,-68.0,-68.0,-68.0,-64.0,-68.0,-66.0,-69.0,-64.0,-67.0
1.0,-26.0,-32.0,-36.0,-32.0,-37.0,-39.0,-40.0,-40.0,-41.0,-39.0,-37.0,-39.0,-37.0,-38.0,-41.0,-38.0
1.0,-196.0,-209.0,-228.0,-243.0,-259.0,-267.0,-276.0,-280.0,-272.0,-262.0,-248.0,-236.0,-210.0,-194.0,-193.0,-187.0
1.0,-107.0,-115.0,-114.0,-106.0,-104.0,-107.0,-106.0,-106.0,-110.0,-107.0,-105.0,-108.0,-105.0,-106.0,-107.0,-107.0
1.0,-36.0,-36.0,-41.0,-37.0,-37.0,-37.0,-37.0,-39.0,-38.0,-41.0,-41.0,-37.0,-39.0,-40.0,-41.0,-41.0
1.0,-81.0,-82.0,-79.0,-85.0,-86.0,-82.0,-83.0,-85.0,-85.0,-84.0,-84.0,-88.0,-85.0,-87.0,-83.0,-85.0
1.0,-89.0,-91.0,-87.0,-84.0,-86.0,-87.0,-87.0,-85.0,-84.0,-90.0,-95.0,-105.0,-107.0,-113.0,-125.0,-139.0
1.0,42.0,45.0,43.0,44.0,44.0,38.0,38.0,31.0,33.0,26.0,22.0,20.0,22.0,14.0,10.0,5.0
1.0,11.0,6.0,9.0,14.0,14.0,15.0,14.0,13.0,8.0,11.0,6.0,6.0,4.0,3.0,-2.0,-5.0
1.0,-24.0,-23.0,-23.0,-16.0,-21.0,-23.0,-29.0,-25.0,-28.0,-27.0,-28.0,-33.0,-42.0,-43.0,-44.0,-45.0
1.0,-62.0,-58.0,-61.0,-62.0,-58.0,-57.0,-58.0,-58.0,-56.0,-59.0,-61.0,-57.0,-57.0,-55.0,-61.0,-57.0
1.0,-82.0,-84.0,-84.0,-87.0,-81.0,-81.0,-81.0,-83.0,-82.0,-85.0,-87.0,-81.0,-81.0,-82.0,-83.0,-82.0
1.0,-56.0,-57.0,-59.0,-61.0,-62.0,-68.0,-72.0,-73.0,-72.0,-75.0,-78.0,-77.0,-79.0,-79.0,-77.0,-81.0
1.0,-83.0,-88.0,-88.0,-84.0,-80.0,-76.0,-85.0,-82.0,-84.0,-80.0,-82.0,-85.0,-80.0,-86.0,-81.0,-78.0
1.0,-67.0,-66.0,-67.0,-70.0,-65.0,-67.0,-69.0,-65.0,-66.0,-69.0,-67.0,-66.0,-67.0,-67.0,-70.0,-75.0
1.0,-76.0,-83.0,-77.0,-75.0,-82.0,-90.0,-93.0,-87.0,-85.0,-80.0,-76.0,-77.0,-77.0,-77.0,-81.0,-80.0
1.0,-187.0,-187.0,-177.0,-191.0,-213.0,-224.0,-234.0,-255.0,-279.0,-278.0,-293.0,-303.0,-312.0,-310.0,-303.0,-291.0
1.0,-27.0,-25.0,-23.0,-22.0,-26.0,-25.0,-27.0,-28.0,-24.0,-23.0,-25.0,-23.0,-24.0,-25.0,-21.0,-21.0
1.0,-35.0,-34.0,-32.0,-32.0,-36.0,-34.0,-33.0,-34.0,-33.0,-36.0,-34.0,-31.0,-32.0,-32.0,-37.0,-38.0
1.0,17.0,19.0,23.0,31.0,29.0,36.0,35.0,40.0,41.0,40.0,46.0,47.0,49.0,48.0,49.0,45.0
1.0,-44.0,-43.0,-45.0,-49.0,-56.0,-60.0,-62.0,-62.0,-66.0,-63.0,-68.0,-64.0,-54.0,-54.0,-54.0,-53.0
1.0,-70.0,-71.0,-70.0,-68.0,-73.0,-74.0,-81.0,-93.0,-103.0,-109.0,-118.0,-139.0,-154.0,-176.0,-185.0,-185.0
1.0,-96.0,-106.0,-114.0,-123.0,-139.0,-159.0,-173.0,-187.0,-189.0,-185.0,-195.0,-216.0,-242.0,-245.0,-258.0,-287.0
1.0,-43.0,-45.0,-48.0,-41.0,-46.0,-46.0,-46.0,-51.0,-44.0,-45.0,-45.0,-44.0,-46.0,-46.0,-44.0,-41.0
1.0,-4.0,-3.0,2.0,2.0,5.0,5.0,5.0,4.0,1.0,-1.0,-6.0,-8.0,-13.0,-16.0,-25.0,-30.0
1.0,4.0,-7.0,-16.0,-10.0,1.0,21.0,54.0,86.0,105.0,121.0,151.0,179.0,213.0,240.0,261.0,278.0
1.0,-274.0,-265.0,-250.0,-216.0,-186.0,-168.0,-160.0,-137.0,-106.0,-81.0,-60.0,-50.0,-39.0,-35.0,-32.0,-34.0
1.0,-308.0,-330.0,-335.0,-337.0,-338.0,-329.0,-316.0,-291.0,-286.0,-287.0,-287.0,-274.0,-255.0,-227.0,-187.0,-152.0
1.0,-8.0,-9.0,-5.0,-2.0,-1.0,-1.0,-2.0,4.0,3.0,1.0,3.0,1.0,-1.0,0.0,-3.0,-4.0
1.0,-53.0,-47.0,-51.0,-48.0,-54.0,-54.0,-51.0,-51.0,-49.0,-50.0,-50.0,-51.0,-49.0,-54.0,-51.0,-56.0
1.0,-31.0,-29.0,-32.0,-35.0,-32.0,-27.0,-21.0,-18.0,-21.0,-26.0,-26.0,-29.0,-38.0,-32.0,-28.0,-28.0
1.0,-69.0,-67.0,-67.0,-67.0,-67.0,-68.0,-67.0,-68.0,-66.0,-70.0,-68.0,-66.0,-71.0,-68.0,-69.0,-66.0
1.0,-48.0,-49.0,-46.0,-42.0,-39.0,-36.0,-37.0,-38.0,-39.0,-54.0,-61.0,-62.0,-60.0,-60.0,-57.0,-60.0
1.0,-67.0,-69.0,-67.0,-68.0,-66.0,-65.0,-66.0,-65.0,-68.0,-66.0,-69.0,-71.0,-63.0,-68.0,-65.0,-68.0
1.0,-259.0,-275.0,-279.0,-279.0,-266.0,-243.0,-217.0,-176.0,-156.0,-155.0,-142.0,-114.0,-93.0,-70.0,-65.0,-59.0
1.0,12.0,9.0,11.0,10.0,14.0,19.0,20.0,23.0,23.0,29.0,30.0,36.0,35.0,38.0,42.0,44.0
1.0,-72.0,-74.0,-72.0,-73.0,-70.0,-74.0,-74.0,-74.0,-73.0,-76.0,-77.0,-71.0,-71.0,-71.0,-66.0,-61.0
1.0,-68.0,-66.0,-64.0,-64.0,-61.0,-64.0,-56.0,-58.0,-55.0,-57.0,-60.0,-69.0,-75.0,-76.0,-75.0,-77.0
1.0,-43.0,-37.0,-36.0,-36.0,-33.0,-35.0,-36.0,-43.0,-52.0,-56.0,-57.0,-53.0,-52.0,-55.0,-50.0,-49.0
1.0,-267.0,-247.0,-217.0,-179.0,-158.0,-151.0,-134.0,-109.0,-83.0,-61.0,-56.0,-53.0,-42.0,-48.0,-45.0,-45.0
1.0,-98.0,-94.0,-95.0,-99.0,-99.0,-96.0,-92.0,-94.0,-91.0,-93.0,-89.0,-97.0,-97.0,-93.0,-96.0,-99.0
1.0,-65.0,-74.0,-79.0,-85.0,-80.0,-83.0,-78.0,-80.0,-81.0,-75.0,-77.0,-77.0,-76.0,-78.0,-76.0,-76.0
1.0,-69.0,-71.0,-75.0,-80.0,-93.0,-118.0,-130.0,-144.0,-151.0,-144.0,-156.0,-182.0,-200.0,-202.0,-210.0,-218.0
1.0,-61.0,-54.0,-50.0,-50.0,-43.0,-41.0,-41.0,-43.0,-43.0,-47.0,-53.0,-67.0,-67.0,-63.0,-66.0,-68.0
1.0,-72.0,-71.0,-71.0,-69.0,-67.0,-76.0,-88.0,-93.0,-91.0,-91.0,-89.0,-91.0,-92.0,-94.0,-95.0,-95.0
1.0,-75.0,-70.0,-68.0,-74.0,-76.0,-69.0,-60.0,-63.0,-62.0,-64.0,-70.0,-80.0,-77.0,-71.0,-66.0,-59.0
1.0,-229.0,-234.0,-228.0,-243.0,-247.0,-236.0,-219.0,-198.0,-168.0,-150.0,-139.0,-141.0,-142.0,-134.0,-117.0,-96.0
1.0,0.0,-1.0,0.0,-4.0,-5.0,0.0,0.0,-3.0,-9.0,-7.0,-7.0,-7.0,-8.0,-11.0,-11.0,-10.0
1.0,-5.0,-6.0,-7.0,-16.0,-19.0,-30.0,-29.0,-28.0,-30.0,-37.0,-39.0,-38.0,-40.0,-42.0,-43.0,-42.0
1.0,-61.0,-62.0,-63.0,-62.0,-60.0,-61.0,-63.0,-62.0,-64.0,-62.0,-59.0,-55.0,-48.0,-47.0,-50.0,-53.0
1.0,-71.0,-73.0,-69.0,-61.0,-60.0,-55.0,-55.0,-56.0,-55.0,-50.0,-51.0,-50.0,-48.0,-41.0,-40.0,-30.0
1.0,3.0,0.0,5.0,6.0,10.0,12.0,14.0,15.0,21.0,21.0,15.0,15.0,21.0,24.0,20.0,23.0
1.0,-41.0,-41.0,-38.0,-41.0,-42.0,-44.0,-43.0,-38.0,-30.0,-30.0,-34.0,-32.0,-40.0,-38.0,-39.0,-40.0
1.0,-42.0,-43.0,-46.0,-42.0,-46.0,-52.0,-59.0,-60.0,-61.0,-63.0,-67.0,-65.0,-63.0,-68.0,-61.0,-56.0
1.0,-120.0,-105.0,-106.0,-162.0,-233.0,-271.0,-305.0,-335.0,-334.0,-320.0,-305.0,-307.0,-297.0,-269.0,-234.0,-199.0
1.0,-39.0,-37.0,-39.0,-35.0,-39.0,-36.0,-41.0,-34.0,-34.0,-35.0,-34.0,-30.0,-36.0,-38.0,-38.0,-35.0
1.0,-97.0,-95.0,-92.0,-96.0,-93.0,-92.0,-97.0,-94.0,-94.0,-98.0,-102.0,-95.0,-100.0,-101.0,-101.0,-100.0
1.0,-159.0,-157.0,-156.0,-156.0,-148.0,-146.0,-143.0,-145.0,-148.0,-142.0,-136.0,-132.0,-130.0,-128.0,-128.0,-131.0
1.0,-21.0,-24.0,-22.0,-22.0,-26.0,-33.0,-31.0,-36.0,-36.0,-41.0,-43.0,-46.0,-47.0,-48.0,-52.0,-53.0
1.0,-144.0,-206.0,-199.0,-180.0,-189.0,-209.0,-226.0,-226.0,-228.0,-258.0,-270.0,-276.0,-282.0,-279.0,-288.0,-272.0
1.0,-71.0,-66.0,-59.0,-55.0,-53.0,-57.0,-61.0,-67.0,-66.0,-70.0,-70.0,-69.0,-63.0,-57.0,-51.0,-50.0
1.0,7.0,9.0,14.0,17.0,20.0,26.0,33.0,32.0,31.0,29.0,33.0,33.0,30.0,27.0,21.0,27.0
1.0,-32.0,-39.0,-40.0,-39.0,-34.0,-32.0,-30.0,-28.0,-34.0,-36.0,-40.0,-36.0,-32.0,-40.0,-46.0,-49.0
1.0,109.0,113.0,109.0,112.0,113.0,111.0,110.0,109.0,107.0,100.0,98.0,100.0,92.0,91.0,86.0,81.0
1.0,-8.0,-2.0,-2.0,0.0,6.0,4.0,10.0,12.0,11.0,13.0,13.0,16.0,14.0,13.0,10.0,11.0
1.0,-70.0,-78.0,-82.0,-81.0,-89.0,-93.0,-103.0,-114.0,-134.0,-154.0,-172.0,-183.0,-175.0,-174.0,-205.0,-232.0
1.0,-52.0,-51.0,-51.0,-52.0,-53.0,-52.0,-50.0,-52.0,-49.0,-51.0,-51.0,-51.0,-46.0,-53.0,-51.0,-51.0
1.0,20.0,18.0,21.0,25.0,24.0,21.0,25.0,23.0,23.0,23.0,18.0,18.0,16.0,13.0,9.0,7.0
1.0,-55.0,-61.0,-60.0,-63.0,-69.0,-66.0,-65.0,-70.0,-67.0,-72.0,-71.0,-71.0,-68.0,-68.0,-73.0,-71.0
1.0,-111.0,-122.0,-134.0,-149.0,-165.0,-177.0,-189.0,-202.0,-201.0,-185.0,-175.0,-171.0,-152.0,-146.0,-138.0,-119.0
1.0,-72.0,-76.0,-78.0,-68.0,-71.0,-74.0,-73.0,-73.0,-72.0,-69.0,-71.0,-74.0,-70.0,-73.0,-73.0,-69.0
1.0,-104.0,-107.0,-107.0,-113.0,-121.0,-124.0,-130.0,-134.0,-144.0,-157.0,-171.0,-181.0,-198.0,-197.0,-184.0,-202.0
1.0,-38.0,-40.0,-39.0,-40.0,-39.0,-35.0,-36.0,-41.0,-41.0,-40.0,-43.0,-43.0,-43.0,-42.0,-42.0,-38.0
1.0,16.0,14.0,14.0,17.0,16.0,14.0,22.0,24.0,21.0,18.0,21.0,23.0,23.0,23.0,27.0,29.0
1.0,-116.0,-113.0,-110.0,-112.0,-106.0,-104.0,-103.0,-99.0,-100.0,-101.0,-102.0,-107.0,-101.0,-101.0,-96.0,-94.0
1.0,-82.0,-80.0,-76.0,-79.0,-90.0,-89.0,-84.0,-85.0,-85.0,-91.0,-91.0,-85.0,-75.0,-76.0,-78.0,-78.0
1.0,-78.0,-77.0,-78.0,-84.0,-79.0,-81.0,-86.0,-94.0,-94.0,-102.0,-110.0,-127.0,-137.0,-152.0,-163.0,-176.0
1.0,-50.0,-49.0,-51.0,-53.0,-54.0,-50.0,-54.0,-48.0,-51.0,-51.0,-51.0,-49.0,-53.0,-55.0,-53.0,-58.0
1.0,-70.0,-70.0,-68.0,-68.0,-65.0,-61.0,-58.0,-57.0,-56.0,-57.0,-64.0,-64.0,-59.0,-54.0,-56.0,-53.0
1.0,-317.0,-309.0,-288.0,-259.0,-238.0,-237.0,-228.0,-219.0,-207.0,-178.0,-151.0,-117.0,-86.0,-70.0,-59.0,-47.0
1.0,-36.0,-35.0,-34.0,-31.0,-32.0,-37.0,-39.0,-35.0,-34.0,-37.0,-40.0,-43.0,-50.0,-51.0,-56.0,-60.0
1.0,-192.0,-202.0,-202.0,-216.0,-241.0,-236.0,-248.0,-267.0,-279.0,-281.0,-281.0,-270.0,-243.0,-212.0,-198.0,-188.0
1.0,-82.0,-86.0,-88.0,-102.0,-116.0,-129.0,-147.0,-158.0,-173.0,-187.0,-195.0,-181.0,-169.0,-161.0,-150.0,-145.0
1.0,-43.0,-44.0,-44.0,-47.0,-41.0,-40.0,-44.0,-44.0,-42.0,-43.0,-46.0,-42.0,-44.0,-51.0,-47.0,-44.0
1.0,126.0,127.0,125.0,127.0,124.0,116.0,119.0,118.0,120.0,120.0,113.0,111.0,116.0,123.0,124.0,120.0
1.0,-77.0,-77.0,-82.0,-87.0,-89.0,-97.0,-112.0,-122.0,-132.0,-155.0,-168.0,-174.0,-180.0,-172.0,-156.0,-153.0
1.0,13.0,10.0,13.0,9.0,7.0,9.0,4.0,2.0,1.0,-2.0,-7.0,-7.0,-10.0,-10.0,-3.0,0.0
1.0,-45.0,-47.0,-47.0,-44.0,-50.0,-52.0,-50.0,-49.0,-48.0,-41.0,-39.0,-44.0,-44.0,-44.0,-48.0,-60.0
1.0,-4.0,-9.0,-11.0,-14.0,-12.0,-16.0,-16.0,-16.0,-20.0,-19.0,-19.0,-20.0,-21.0,-19.0,-21.0,-19.0
1.0,31.0,30.0,27.0,22.0,21.0,12.0,8.0,5.0,6.0,1.0,-5.0,-6.0,-13.0,-16.0,-23.0,-26.0
1.0,22.0,18.0,14.0,18.0,12.0,10.0,6.0,3.0,-1.0,-6.0,-13.0,-17.0,-17.0,-23.0,-28.0,-31.0
1.0,-107.0,-104.0,-102.0,-106.0,-108.0,-103.0,-107.0,-106.0,-109.0,-104.0,-108.0,-110.0,-106.0,-99.0,-105.0,-108.0
1.0,-342.0,-329.0,-323.0,-305.0,-280.0,-273.0,-261.0,-240.0,-221.0,-199.0,-191.0,-191.0,-187.0,-189.0,-204.0,-221.0
1.0,-39.0,-42.0,-35.0,-31.0,-27.0,-34.0,-31.0,-36.0,-36.0,-33.0,-32.0,-25.0,-20.0,-23.0,-24.0,-26.0
1.0,-38.0,-35.0,-34.0,-33.0,-33.0,-34.0,-29.0,-30.0,-29.0,-28.0,-24.0,-25.0,-25.0,-22.0,-24.0,-20.0
1.0,-21.0,-20.0,-18.0,-14.0,-15.0,-10.0,-8.0,-6.0,0.0,-4.0,0.0,5.0,2.0,6.0,9.0,13.0
1.0,24.0,24.0,21.0,19.0,12.0,8.0,3.0,-1.0,-3.0,-9.0,-11.0,-15.0,-24.0,-28.0,-32.0,-34.0
1.0,-34.0,-33.0,-25.0,-27.0,-26.0,-24.0,-17.0,-13.0,-13.0,-8.0,-6.0,0.0,-1.0,4.0,11.0,13.0
1.0,-47.0,-48.0,-47.0,-44.0,-45.0,-46.0,-48.0,-45.0,-48.0,-44.0,-44.0,-44.0,-43.0,-44.0,-44.0,-42.0
1.0,-66.0,-61.0,-64.0,-64.0,-62.0,-59.0,-58.0,-55.0,-53.0,-50.0,-49.0,-47.0,-44.0,-41.0,-39.0,-35.0
1.0,-7.0,-8.0,-9.0,-13.0,-13.0,-8.0,-11.0,-15.0,-24.0,-30.0,-34.0,-34.0,-40.0,-37.0,-37.0,-47.0
1.0,-28.0,-28.0,-25.0,-26.0,-28.0,-27.0,-25.0,-24.0,-26.0,-22.0,-22.0,-19.0,-21.0,-21.0,-20.0,-17.0
1.0,-35.0,-29.0,-28.0,-25.0,-23.0,-20.0,-17.0,-16.0,-14.0,-12.0,-7.0,-10.0,-7.0,-3.0,-2.0,-2.0
1.0,-52.0,-52.0,-51.0,-53.0,-52.0,-56.0,-55.0,-50.0,-49.0,-48.0,-45.0,-48.0,-46.0,-48.0,-47.0,-46.0
1.0,-43.0,-45.0,-48.0,-53.0,-57.0,-56.0,-62.0,-61.0,-64.0,-60.0,-61.0,-61.0,-58.0,-57.0,-55.0,-55.0
1.0,-82.0,-83.0,-84.0,-83.0,-82.0,-80.0,-85.0,-89.0,-89.0,-88.0,-88.0,-90.0,-96.0,-96.0,-91.0,-90.0
1.0,-158.0,-169.0,-159.0,-147.0,-149.0,-155.0,-155.0,-159.0,-164.0,-169.0,-164.0,-159.0,-163.0,-164.0,-166.0,-177.0
1.0,-78.0,-76.0,-79.0,-78.0,-81.0,-81.0,-77.0,-78.0,-80.0,-77.0,-80.0,-78.0,-79.0,-80.0,-75.0,-78.0
1.0,-63.0,-60.0,-56.0,-61.0,-63.0,-59.0,-57.0,-50.0,-59.0,-58.0,-56.0,-55.0,-56.0,-55.0,-51.0,-52.0
1.0,-77.0,-84.0,-98.0,-112.0,-121.0,-133.0,-138.0,-145.0,-155.0,-167.0,-159.0,-148.0,-134.0,-114.0,-105.0,-93.0
1.0,-47.0,-41.0,-43.0,-49.0,-52.0,-58.0,-55.0,-51.0,-54.0,-61.0,-61.0,-65.0,-64.0,-62.0,-63.0,-59.0
1.0,-60.0,-57.0,-52.0,-51.0,-52.0,-49.0,-47.0,-44.0,-47.0,-50.0,-49.0,-49.0,-51.0,-47.0,-49.0,-49.0
1.0,-72.0,-79.0,-83.0,-85.0,-91.0,-100.0,-104.0,-107.0,-109.0,-110.0,-111.0,-117.0,-120.0,-117.0,-107.0,-105.0
1.0,-189.0,-185.0,-180.0,-176.0,-168.0,-148.0,-125.0,-105.0,-92.0,-72.0,-61.0,-54.0,-51.0,-43.0,-45.0,-44.0
1.0,3.0,0.0,-6.0,-6.0,-9.0,-13.0,-19.0,-22.0,-25.0,-23.0,-30.0,-34.0,-30.0,-36.0,-34.0,-39.0
1.0,-66.0,-44.0,-38.0,-34.0,-33.0,-34.0,-31.0,-27.0,-27.0,-28.0,-24.0,-24.0,-26.0,-25.0,-25.0,-26.0
1.0,-98.0,-104.0,-116.0,-125.0,-121.0,-119.0,-122.0,-118.0,-118.0,-117.0,-117.0,-117.0,-118.0,-116.0,-120.0,-114.0
1.0,-36.0,-34.0,-33.0,-38.0,-38.0,-40.0,-38.0,-43.0,-41.0,-38.0,-42.0,-42.0,-41.0,-41.0,-44.0,-43.0
1.0,-63.0,-61.0,-59.0,-61.0,-63.0,-72.0,-70.0,-80.0,-86.0,-92.0,-109.0,-121.0,-137.0,-150.0,-156.0,-164.0
1.0,-39.0,-34.0,-28.0,-27.0,-23.0,-14.0,-14.0,-10.0,-6.0,-4.0,-3.0,-3.0,0.0,-5.0,-9.0,-9.0
1.0,-78.0,-77.0,-75.0,-80.0,-80.0,-77.0,-79.0,-79.0,-77.0,-77.0,-75.0,-80.0,-74.0,-76.0,-76.0,-77.0
1.0,-12.0,-19.0,-24.0,-28.0,-34.0,-36.0,-40.0,-44.0,-48.0,-46.0,-50.0,-48.0,-53.0,-51.0,-54.0,-54.0
1.0,-78.0,-79.0,-76.0,-77.0,-75.0,-71.0,-74.0,-74.0,-75.0,-78.0,-75.0,-77.0,-80.0,-85.0,-80.0,-74.0
1.0,57.0,65.0,61.0,62.0,58.0,61.0,60.0,60.0,64.0,64.0,63.0,61.0,65.0,63.0,66.0,63.0
1.0,-76.0,-75.0,-73.0,-69.0,-73.0,-69.0,-75.0,-71.0,-69.0,-70.0,-71.0,-69.0,-71.0,-71.0,-70.0,-69.0
1.0,-58.0,-57.0,-55.0,-54.0,-57.0,-58.0,-57.0,-57.0,-55.0,-56.0,-52.0,-55.0,-56.0,-58.0,-67.0,-70.0
1.0,-26.0,-22.0,-21.0,-20.0,-20.0,-19.0,-20.0,-18.0,-20.0,-23.0,-18.0,-15.0,-17.0,-15.0,-17.0,-19.0
1.0,-63.0,-61.0,-64.0,-65.0,-62.0,-63.0,-67.0,-66.0,-64.0,-69.0,-68.0,-64.0,-64.0,-63.0,-66.0,-66.0
1.0,-49.0,-49.0,-53.0,-47.0,-43.0,-35.0,-28.0,-31.0,-39.0,-37.0,-40.0,-43.0,-38.0,-41.0,-44.0,-51.0
1.0,20.0,18.0,12.0,10.0,10.0,13.0,13.0,14.0,17.0,16.0,14.0,15.0,13.0,17.0,14.0,14.0
1.0,-85.0,-94.0,-91.0,-96.0,-103.0,-109.0,-128.0,-147.0,-167.0,-180.0,-179.0,-181.0,-207.0,-234.0,-241.0,-258.0
1.0,-33.0,-34.0,-34.0,-31.0,-35.0,-32.0,-36.0,-47.0,-47.0,-46.0,-47.0,-52.0,-51.0,-47.0,-44.0,-38.0
1.0,-31.0,-33.0,-35.0,-39.0,-39.0,-42.0,-47.0,-46.0,-45.0,-46.0,-49.0,-47.0,-48.0,-51.0,-53.0,-53.0
1.0,-140.0,-113.0,-81.0,-63.0,-48.0,-43.0,-39.0,-41.0,-45.0,-44.0,-49.0,-43.0,-40.0,-43.0,-45.0,-41.0
1.0,-41.0,-41.0,-39.0,-32.0,-28.0,-26.0,-24.0,-31.0,-30.0,-30.0,-31.0,-34.0,-31.0,-39.0,-41.0,-42.0
1.0,16.0,18.0,22.0,24.0,23.0,22.0,23.0,21.0,17.0,12.0,13.0,5.0,5.0,-3.0,-6.0,-11.0
1.0,-60.0,-63.0,-61.0,-60.0,-64.0,-64.0,-60.0,-62.0,-64.0,-61.0,-56.0,-60.0,-63.0,-63.0,-61.0,-60.0
1.0,30.0,29.0,26.0,21.0,20.0,15.0,8.0,5.0,4.0,1.0,-4.0,-9.0,-12.0,-15.0,-21.0,-27.0
1.0,-54.0,-55.0,-59.0,-66.0,-67.0,-72.0,-73.0,-79.0,-75.0,-82.0,-81.0,-78.0,-72.0,-71.0,-67.0,-63.0
1.0,-87.0,-91.0,-87.0,-88.0,-85.0,-87.0,-84.0,-85.0,-86.0,-90.0,-85.0,-88.0,-85.0,-88.0,-86.0,-89.0
1.0,-23.0,-27.0,-31.0,-36.0,-35.0,-31.0,-39.0,-39.0,-43.0,-38.0,-33.0,-42.0,-41.0,-40.0,-48.0,-48.0
1.0,-268.0,-240.0,-201.0,-185.0,-177.0,-155.0,-127.0,-97.0,-80.0,-69.0,-60.0,-52.0,-48.0,-52.0,-52.0,-58.0
1.0,-75.0,-74.0,-78.0,-73.0,-77.0,-78.0,-75.0,-76.0,-74.0,-75.0,-76.0,-79.0,-81.0,-81.0,-89.0,-93.0
1.0,-74.0,-82.0,-92.0,-86.0,-97.0,-103.0,-104.0,-95.0,-90.0,-92.0,-89.0,-90.0,-90.0,-88.0,-90.0,-100.0
1.0,1.0,2.0,3.0,6.0,8.0,7.0,7.0,6.0,9.0,5.0,1.0,2.0,0.0,-2.0,-4.0,-3.0
1.0,-44.0,-45.0,-44.0,-43.0,-48.0,-45.0,-48.0,-51.0,-48.0,-49.0,-46.0,-48.0,-46.0,-46.0,-49.0,-48.0
1.0,-52.0,-51.0,-50.0,-50.0,-50.0,-47.0,-47.0,-47.0,-47.0,-49.0,-46.0,-45.0,-49.0,-49.0,-51.0,-52.0
1.0,-51.0,-51.0,-53.0,-57.0,-57.0,-53.0,-48.0,-45.0,-43.0,-44.0,-48.0,-48.0,-46.0,-46.0,-50.0,-48.0
1.0,-60.0,-59.0,-63.0,-61.0,-62.0,-59.0,-58.0,-54.0,-45.0,-47.0,-45.0,-45.0,-52.0,-54.0,-53.0,-47.0
1.0,-117.0,-93.0,-76.0,-68.0,-56.0,-53.0,-54.0,-50.0,-52.0,-54.0,-50.0,-54.0,-53.0,-53.0,-44.0,-44.0
1.0,-77.0,-69.0,-64.0,-63.0,-61.0,-57.0,-55.0,-56.0,-54.0,-53.0,-57.0,-54.0,-52.0,-55.0,-53.0,-54.0
1.0,-43.0,-44.0,-44.0,-45.0,-48.0,-45.0,-47.0,-45.0,-49.0,-49.0,-48.0,-50.0,-51.0,-52.0,-51.0,-53.0
1.0,-4.0,-4.0,-1.0,-3.0,-6.0,-9.0,-9.0,-9.0,-13.0,-16.0,-18.0,-22.0,-24.0,-27.0,-29.0,-31.0
1.0,9.0,11.0,13.0,11.0,15.0,15.0,16.0,17.0,19.0,15.0,16.0,16.0,18.0,21.0,20.0,19.0
1.0,-77.0,-74.0,-75.0,-73.0,-76.0,-80.0,-76.0,-76.0,-77.0,-79.0,-78.0,-74.0,-70.0,-69.0,-62.0,-58.0
1.0,-57.0,-58.0,-59.0,-58.0,-56.0,-54.0,-54.0,-48.0,-47.0,-46.0,-46.0,-46.0,-37.0,-34.0,-35.0,-33.0
1.0,-88.0,-90.0,-89.0,-87.0,-87.0,-89.0,-87.0,-87.0,-88.0,-89.0,-85.0,-88.0,-91.0,-87.0,-91.0,-90.0
1.0,-89.0,-100.0,-109.0,-119.0,-132.0,-150.0,-169.0,-182.0,-188.0,-197.0,-186.0,-167.0,-165.0,-166.0,-158.0,-150.0
1.0,-97.0,-98.0,-94.0,-95.0,-92.0,-86.0,-85.0,-85.0,-86.0,-86.0,-85.0,-84.0,-77.0,-75.0,-77.0,-85.0
1.0,-66.0,-68.0,-73.0,-69.0,-68.0,-64.0,-62.0,-58.0,-61.0,-61.0,-63.0,-68.0,-80.0,-79.0,-82.0,-83.0
1.0,-123.0,-131.0,-149.0,-166.0,-186.0,-198.0,-193.0,-185.0,-194.0,-205.0,-211.0,-223.0,-247.0,-248.0,-257.0,-268.0
1.0,-3.0,-7.0,-7.0,-13.0,-15.0,-17.0,-23.0,-27.0,-30.0,-29.0,-33.0,-36.0,-37.0,-44.0,-46.0,-45.0
1.0,-33.0,-38.0,-45.0,-39.0,-43.0,-46.0,-41.0,-36.0,-31.0,-27.0,-25.0,-23.0,-23.0,-21.0,-16.0,-18.0
1.0,-14.0,-9.0,-7.0,-7.0,-1.0,-1.0,1.0,3.0,4.0,3.0,3.0,2.0,1.0,1.0,2.0,0.0
1.0,-70.0,-71.0,-67.0,-70.0,-75.0,-71.0,-67.0,-72.0,-70.0,-72.0,-67.0,-66.0,-61.0,-59.0,-62.0,-68.0
1.0,-62.0,-60.0,-57.0,-55.0,-60.0,-56.0,-55.0,-54.0,-56.0,-55.0,-57.0,-56.0,-56.0,-57.0,-58.0,-59.0
1.0,-114.0,-96.0,-73.0,-62.0,-55.0,-43.0,-39.0,-43.0,-42.0,-37.0,-40.0,-41.0,-38.0,-39.0,-39.0,-41.0
1.0,-33.0,-36.0,-34.0,-34.0,-36.0,-34.0,-33.0,-35.0,-36.0,-35.0,-36.0,-38.0,-39.0,-35.0,-34.0,-35.0
1.0,-84.0,-92.0,-87.0,-87.0,-87.0,-86.0,-90.0,-86.0,-88.0,-87.0,-88.0,-90.0,-94.0,-95.0,-95.0,-93.0
1.0,49.0,49.0,51.0,51.0,52.0,55.0,53.0,56.0,53.0,53.0,50.0,47.0,43.0,39.0,42.0,37.0
1.0,-87.0,-86.0,-87.0,-86.0,-85.0,-81.0,-80.0,-81.0,-83.0,-83.0,-89.0,-91.0,-87.0,-81.0,-82.0,-89.0
1.0,-62.0,-63.0,-63.0,-63.0,-62.0,-62.0,-61.0,-64.0,-63.0,-60.0,-62.0,-61.0,-60.0,-62.0,-63.0,-63.0
1.0,4.0,9.0,11.0,13.0,16.0,20.0,21.0,23.0,28.0,31.0,29.0,28.0,35.0,32.0,36.0,36.0
1.0,-75.0,-62.0,-56.0,-52.0,-53.0,-53.0,-55.0,-56.0,-57.0,-56.0,-54.0,-55.0,-54.0,-51.0,-51.0,-53.0
1.0,-68.0,-68.0,-67.0,-66.0,-67.0,-66.0,-70.0,-69.0,-70.0,-68.0,-69.0,-68.0,-71.0,-70.0,-69.0,-67.0
1.0,-259.0,-251.0,-260.0,-266.0,-254.0,-233.0,-224.0,-221.0,-217.0,-215.0,-194.0,-170.0,-138.0,-110.0,-85.0,-69.0
1.0,-43.0,-46.0,-50.0,-47.0,-47.0,-46.0,-47.0,-46.0,-44.0,-47.0,-46.0,-47.0,-48.0,-49.0,-49.0,-51.0
1.0,-36.0,-37.0,-35.0,-36.0,-34.0,-32.0,-32.0,-32.0,-33.0,-30.0,-30.0,-29.0,-26.0,-27.0,-27.0,-24.0
1.0,-45.0,-44.0,-42.0,-44.0,-49.0,-48.0,-50.0,-47.0,-45.0,-46.0,-45.0,-47.0,-50.0,-47.0,-48.0,-44.0
1.0,-71.0,-77.0,-76.0,-79.0,-72.0,-77.0,-73.0,-79.0,-73.0,-77.0,-74.0,-74.0,-73.0,-74.0,-80.0,-76.0
1.0,-78.0,-75.0,-79.0,-78.0,-77.0,-80.0,-79.0,-77.0,-74.0,-76.0,-78.0,-78.0,-78.0,-78.0,-76.0,-78.0
1.0,-14.0,-8.0,-7.0,-9.0,-15.0,-15.0,-13.0,-11.0,-12.0,-6.0,-4.0,-11.0,-9.0,-16.0,-12.0,-8.0
1.0,-187.0,-163.0,-131.0,-104.0,-85.0,-70.0,-62.0,-52.0,-45.0,-45.0,-46.0,-44.0,-43.0,-43.0,-47.0,-40.0
1.0,-215.0,-194.0,-176.0,-149.0,-123.0,-97.0,-77.0,-55.0,-42.0,-36.0,-38.0,-34.0,-34.0,-42.0,-40.0,-40.0
1.0,-83.0,-83.0,-80.0,-81.0,-79.0,-78.0,-78.0,-75.0,-79.0,-75.0,-75.0,-73.0,-74.0,-72.0,-71.0,-71.0
1.0,-40.0,-44.0,-45.0,-40.0,-41.0,-40.0,-43.0,-45.0,-45.0,-45.0,-43.0,-40.0,-44.0,-44.0,-46.0,-48.0
1.0,11.0,10.0,14.0,11.0,9.0,12.0,15.0,21.0,23.0,28.0,30.0,34.0,33.0,33.0,28.0,30.0
1.0,-35.0,-32.0,-32.0,-31.0,-31.0,-33.0,-32.0,-31.0,-30.0,-29.0,-28.0,-30.0,-26.0,-26.0,-26.0,-24.0
1.0,-54.0,-51.0,-53.0,-48.0,-47.0,-48.0,-57.0,-71.0,-67.0,-64.0,-61.0,-69.0,-70.0,-72.0,-73.0,-70.0
1.0,-4.0,-3.0,0.0,2.0,10.0,19.0,20.0,25.0,21.0,30.0,33.0,36.0,38.0,46.0,45.0,47.0
1.0,-64.0,-67.0,-74.0,-82.0,-84.0,-93.0,-99.0,-110.0,-126.0,-140.0,-159.0,-168.0,-166.0,-178.0,-185.0,-185.0
1.0,-52.0,-51.0,-49.0,-50.0,-49.0,-48.0,-53.0,-51.0,-46.0,-49.0,-48.0,-50.0,-47.0,-49.0,-47.0,-50.0
1.0,-17.0,-16.0,-18.0,-16.0,-14.0,-7.0,-10.0,-6.0,-2.0,-2.0,1.0,1.0,2.0,4.0,6.0,9.0
1.0,15.0,19.0,21.0,24.0,29.0,20.0,28.0,26.0,22.0,21.0,20.0,20.0,14.0,12.0,12.0,10.0
1.0,-95.0,-94.0,-98.0,-100.0,-104.0,-108.0,-108.0,-115.0,-121.0,-126.0,-141.0,-157.0,-167.0,-194.0,-213.0,-218.0
1.0,-55.0,-47.0,-43.0,-35.0,-34.0,-39.0,-39.0,-38.0,-41.0,-43.0,-48.0,-48.0,-58.0,-58.0,-54.0,-54.0
1.0,-61.0,-44.0,-31.0,-23.0,-16.0,-7.0,-17.0,-11.0,-15.0,-20.0,-19.0,-21.0,-26.0,-23.0,-24.0,-20.0
1.0,72.0,71.0,67.0,66.0,64.0,58.0,56.0,51.0,41.0,38.0,33.0,28.0,21.0,14.0,6.0,1.0
1.0,-67.0,-62.0,-64.0,-64.0,-65.0,-65.0,-64.0,-66.0,-64.0,-66.0,-64.0,-66.0,-67.0,-68.0,-64.0,-62.0
1.0,2.0,-4.0,-2.0,-9.0,-8.0,-11.0,-19.0,-17.0,-20.0,-20.0,-27.0,-28.0,-28.0,-28.0,-30.0,-34.0
1.0,-66.0,-76.0,-82.0,-99.0,-104.0,-109.0,-111.0,-128.0,-147.0,-163.0,-175.0,-169.0,-153.0,-162.0,-180.0,-197.0
1.0,20.0,25.0,22.0,25.0,20.0,21.0,24.0,24.0,23.0,25.0,23.0,20.0,23.0,25.0,21.0,22.0
1.0,-72.0,-80.0,-87.0,-98.0,-115.0,-132.0,-152.0,-169.0,-173.0,-182.0,-201.0,-207.0,-212.0,-226.0,-236.0,-245.0
1.0,-32.0,-31.0,-18.0,-22.0,-15.0,-10.0,-10.0,-8.0,-5.0,-2.0,1.0,0.0,3.0,4.0,4.0,3.0
1.0,114.0,121.0,135.0,151.0,172.0,191.0,207.0,218.0,230.0,236.0,246.0,265.0,271.0,282.0,293.0,303.0
1.0,-39.0,-31.0,-33.0,-38.0,-43.0,-42.0,-36.0,-32.0,-36.0,-39.0,-32.0,-35.0,-31.0,-34.0,-39.0,-39.0
1.0,-186.0,-177.0,-156.0,-135.0,-112.0,-87.0,-71.0,-56.0,-43.0,-37.0,-42.0,-41.0,-36.0,-41.0,-43.0,-43.0
1.0,-59.0,-59.0,-57.0,-56.0,-55.0,-53.0,-53.0,-50.0,-54.0,-50.0,-50.0,-45.0,-45.0,-45.0,-41.0,-42.0
1.0,-47.0,-43.0,-40.0,-40.0,-39.0,-37.0,-36.0,-34.0,-31.0,-31.0,-26.0,-21.0,-22.0,-17.0,-14.0,-16.0
1.0,-38.0,-47.0,-43.0,-46.0,-48.0,-50.0,-54.0,-53.0,-54.0,-51.0,-54.0,-51.0,-52.0,-56.0,-56.0,-58.0
1.0,-96.0,-93.0,-95.0,-90.0,-91.0,-92.0,-91.0,-91.0,-90.0,-93.0,-88.0,-89.0,-85.0,-86.0,-85.0,-84.0
1.0,-61.0,-57.0,-52.0,-52.0,-46.0,-52.0,-48.0,-46.0,-39.0,-31.0,-31.0,-25.0,-21.0,-25.0,-24.0,-33.0
1.0,-85.0,-80.0,-83.0,-80.0,-80.0,-83.0,-81.0,-81.0,-83.0,-84.0,-83.0,-83.0,-86.0,-83.0,-82.0,-85.0
1.0,-35.0,-34.0,-27.0,-20.0,-24.0,-22.0,-25.0,-25.0,-31.0,-31.0,-24.0,-28.0,-23.0,-21.0,-23.0,-24.0
1.0,-157.0,-119.0,-88.0,-69.0,-65.0,-51.0,-46.0,-41.0,-37.0,-33.0,-35.0,-34.0,-30.0,-35.0,-35.0,-32.0
1.0,-175.0,-173.0,-180.0,-207.0,-230.0,-242.0,-256.0,-288.0,-297.0,-299.0,-309.0,-315.0,-316.0,-301.0,-283.0,-251.0
1.0,-78.0,-78.0,-77.0,-81.0,-77.0,-78.0,-76.0,-75.0,-75.0,-74.0,-76.0,-78.0,-76.0,-73.0,-74.0,-72.0
1.0,15.0,14.0,20.0,23.0,26.0,26.0,34.0,31.0,32.0,23.0,27.0,29.0,28.0,29.0,26.0,24.0
1.0,-44.0,-54.0,-55.0,-57.0,-58.0,-56.0,-53.0,-52.0,-53.0,-49.0,-53.0,-53.0,-54.0,-55.0,-54.0,-55.0
1.0,-48.0,-47.0,-45.0,-44.0,-45.0,-46.0,-46.0,-45.0,-47.0,-47.0,-45.0,-47.0,-48.0,-48.0,-46.0,-46.0
1.0,-77.0,-73.0,-73.0,-80.0,-76.0,-79.0,-84.0,-83.0,-84.0,-84.0,-84.0,-85.0,-83.0,-87.0,-90.0,-90.0
1.0,-19.0,-16.0,-14.0,-12.0,-12.0,-16.0,-16.0,-12.0,-14.0,-14.0,-10.0,-8.0,-5.0,-4.0,-2.0,-4.0
1.0,-221.0,-194.0,-166.0,-155.0,-146.0,-129.0,-107.0,-82.0,-60.0,-48.0,-36.0,-27.0,-21.0,-30.0,-31.0,-34.0
1.0,20.0,19.0,22.0,18.0,22.0,21.0,21.0,20.0,21.0,18.0,12.0,12.0,8.0,4.0,2.0,-3.0
1.0,-243.0,-263.0,-268.0,-271.0,-256.0,-238.0,-215.0,-192.0,-175.0,-164.0,-140.0,-119.0,-100.0,-80.0,-70.0,-56.0
1.0,-9.0,-10.0,-17.0,-19.0,-22.0,-26.0,-32.0,-42.0,-42.0,-42.0,-46.0,-48.0,-51.0,-50.0,-58.0,-56.0
1.0,-141.0,-147.0,-159.0,-182.0,-197.0,-192.0,-197.0,-216.0,-223.0,-234.0,-245.0,-247.0,-232.0,-210.0,-181.0,-151.0
1.0,-25.0,-31.0,-36.0,-38.0,-45.0,-39.0,-47.0,-50.0,-51.0,-51.0,-51.0,-61.0,-58.0,-60.0,-63.0,-62.0
1.0,18.0,14.0,13.0,11.0,9.0,5.0,1.0,-2.0,-5.0,-8.0,-13.0,-13.0,-24.0,-23.0,-28.0,-32.0
1.0,-147.0,-163.0,-173.0,-174.0,-174.0,-165.0,-185.0,-198.0,-199.0,-204.0,-224.0,-242.0,-232.0,-252.0,-264.0,-275.0
1.0,-181.0,-152.0,-143.0,-135.0,-142.0,-138.0,-122.0,-101.0,-86.0,-61.0,-41.0,-32.0,-26.0,-21.0,-21.0,-18.0
1.0,12.0,10.0,6.0,7.0,0.0,2.0,0.0,-3.0,-4.0,-3.0,-9.0,-17.0,-20.0,-25.0,-31.0,-35.0
1.0,-16.0,-19.0,-25.0,-29.0,-32.0,-35.0,-37.0,-39.0,-43.0,-49.0,-50.0,-53.0,-58.0,-59.0,-63.0,-60.0
1.0,-152.0,-169.0,-182.0,-196.0,-209.0,-211.0,-195.0,-188.0,-175.0,-155.0,-152.0,-148.0,-133.0,-164.0,-230.0,-268.0
1.0,-248.0,-263.0,-275.0,-282.0,-272.0,-255.0,-229.0,-198.0,-188.0,-184.0,-169.0,-142.0,-117.0,-95.0,-78.0,-66.0
1.0,-224.0,-247.0,-255.0,-274.0,-283.0,-288.0,-294.0,-289.0,-286.0,-280.0,-256.0,-235.0,-227.0,-228.0,-232.0,-221.0
1.0,-197.0,-203.0,-229.0,-266.0,-273.0,-271.0,-285.0,-291.0,-300.0,-283.0,-261.0,-232.0,-198.0,-180.0,-168.0,-147.0
1.0,17.0,16.0,20.0,18.0,16.0,15.0,10.0,10.0,5.0,6.0,-2.0,-1.0,-4.0,-8.0,-12.0,-15.0
1.0,-59.0,-56.0,-58.0,-60.0,-56.0,-61.0,-58.0,-56.0,-50.0,-53.0,-57.0,-53.0,-53.0,-52.0,-48.0,-48.0
1.0,-51.0,-55.0,-49.0,-49.0,-52.0,-48.0,-46.0,-37.0,-33.0,-27.0,-28.0,-27.0,-28.0,-27.0,-28.0,-30.0
1.0,-76.0,-78.0,-76.0,-78.0,-80.0,-79.0,-80.0,-81.0,-82.0,-84.0,-85.0,-87.0,-87.0,-88.0,-86.0,-85.0
1.0,-39.0,-32.0,-31.0,-29.0,-25.0,-25.0,-24.0,-27.0,-23.0,-20.0,-20.0,-12.0,-8.0,-8.0,-15.0,-12.0
1.0,-72.0,-73.0,-76.0,-76.0,-72.0,-68.0,-70.0,-68.0,-64.0,-63.0,-67.0,-67.0,-67.0,-68.0,-68.0,-64.0
1.0,-164.0,-154.0,-157.0,-209.0,-251.0,-263.0,-276.0,-280.0,-274.0,-256.0,-235.0,-233.0,-228.0,-225.0,-212.0,-191.0
1.0,-4.0,-7.0,-11.0,-10.0,-9.0,-9.0,-9.0,-14.0,-11.0,-16.0,-22.0,-22.0,-29.0,-27.0,-23.0,-21.0
1.0,-10.0,-11.0,-8.0,-6.0,-7.0,-2.0,-1.0,-1.0,3.0,2.0,0.0,3.0,2.0,6.0,7.0,4.0
1.0,-24.0,-20.0,-22.0,-22.0,-15.0,-10.0,-11.0,-9.0,-4.0,0.0,0.0,7.0,4.0,6.0,8.0,14.0
1.0,-11.0,-15.0,-12.0,-12.0,-16.0,-16.0,-15.0,-16.0,-22.0,-22.0,-26.0,-26.0,-26.0,-26.0,-28.0,-27.0
1.0,6.0,5.0,2.0,-4.0,-9.0,-13.0,-16.0,-23.0,-26.0,-31.0,-33.0,-40.0,-42.0,-49.0,-54.0,-60.0
1.0,-113.0,-124.0,-135.0,-150.0,-163.0,-175.0,-167.0,-158.0,-160.0,-160.0,-159.0,-164.0,-157.0,-147.0,-174.0,-233.0
1.0,-62.0,-62.0,-68.0,-71.0,-70.0,-64.0,-66.0,-63.0,-69.0,-66.0,-62.0,-64.0,-64.0,-63.0,-65.0,-62.0
1.0,3.0,10.0,9.0,8.0,4.0,2.0,0.0,3.0,5.0,7.0,11.0,6.0,3.0,0.0,2.0,2.0
1.0,-27.0,-27.0,-28.0,-27.0,-27.0,-27.0,-24.0,-26.0,-25.0,-19.0,-19.0,-16.0,-18.0,-18.0,-22.0,-19.0
1.0,-177.0,-173.0,-159.0,-167.0,-230.0,-288.0,-299.0,-309.0,-317.0,-312.0,-290.0,-274.0,-274.0,-269.0,-267.0,-260.0
1.0,-32.0,-33.0,-32.0,-33.0,-36.0,-37.0,-44.0,-49.0,-50.0,-51.0,-55.0,-53.0,-51.0,-54.0,-47.0,-46.0
1.0,-117.0,-123.0,-121.0,-117.0,-122.0,-123.0,-121.0,-121.0,-124.0,-119.0,-117.0,-121.0,-120.0,-121.0,-124.0,-128.0
1.0,4.0,2.0,5.0,6.0,7.0,8.0,6.0,6.0,11.0,12.0,14.0,14.0,16.0,15.0,21.0,20.0
1.0,-42.0,-47.0,-53.0,-53.0,-60.0,-63.0,-66.0,-65.0,-67.0,-68.0,-71.0,-73.0,-78.0,-76.0,-82.0,-77.0
1.0,-27.0,-25.0,-24.0,-21.0,-20.0,-23.0,-22.0,-24.0,-26.0,-21.0,-16.0,-12.0,-12.0,-15.0,-21.0,-23.0
1.0,-54.0,-52.0,-53.0,-52.0,-57.0,-54.0,-50.0,-55.0,-54.0,-56.0,-54.0,-45.0,-44.0,-42.0,-35.0,-40.0
1.0,-32.0,-33.0,-29.0,-26.0,-26.0,-22.0,-19.0,-17.0,-15.0,-13.0,-5.0,-3.0,0.0,6.0,5.0,12.0
1.0,-94.0,-100.0,-110.0,-122.0,-131.0,-149.0,-165.0,-178.0,-188.0,-183.0,-173.0,-179.0,-188.0,-184.0,-181.0,-193.0
1.0,-55.0,-56.0,-58.0,-53.0,-52.0,-54.0,-57.0,-58.0,-57.0,-68.0,-72.0,-72.0,-67.0,-66.0,-64.0,-65.0
1.0,-4.0,3.0,-6.0,-4.0,-4.0,-9.0,-13.0,-17.0,-23.0,-25.0,-26.0,-30.0,-35.0,-38.0,-41.0,-38.0
1.0,-94.0,-101.0,-107.0,-124.0,-139.0,-151.0,-167.0,-178.0,-189.0,-201.0,-194.0,-177.0,-167.0,-150.0,-132.0,-124.0
1.0,-76.0,-76.0,-79.0,-78.0,-79.0,-77.0,-80.0,-77.0,-77.0,-82.0,-82.0,-80.0,-79.0,-78.0,-76.0,-78.0
1.0,-210.0,-243.0,-269.0,-267.0,-274.0,-282.0,-288.0,-287.0,-265.0,-246.0,-210.0,-181.0,-168.0,-158.0,-139.0,-117.0
1.0,-235.0,-208.0,-193.0,-188.0,-177.0,-152.0,-123.0,-93.0,-74.0,-66.0,-45.0,-26.0,-27.0,-32.0,-37.0,-36.0
1.0,-52.0,-50.0,-50.0,-52.0,-51.0,-51.0,-50.0,-52.0,-48.0,-48.0,-46.0,-51.0,-53.0,-48.0,-43.0,-36.0
1.0,-183.0,-182.0,-181.0,-174.0,-170.0,-149.0,-127.0,-98.0,-73.0,-59.0,-50.0,-46.0,-41.0,-43.0,-40.0,-40.0
1.0,-58.0,-60.0,-61.0,-59.0,-53.0,-59.0,-61.0,-55.0,-57.0,-62.0,-68.0,-70.0,-74.0,-81.0,-89.0,-88.0
1.0,-51.0,-51.0,-51.0,-54.0,-53.0,-54.0,-52.0,-54.0,-54.0,-54.0,-53.0,-56.0,-53.0,-52.0,-51.0,-53.0
1.0,17.0,18.0,20.0,29.0,26.0,29.0,30.0,33.0,28.0,31.0,31.0,30.0,26.0,27.0,25.0,18.0
1.0,220.0,220.0,222.0,217.0,220.0,213.0,215.0,212.0,215.0,215.0,210.0,213.0,214.0,211.0,208.0,213.0
1.0,-63.0,-72.0,-83.0,-83.0,-85.0,-81.0,-79.0,-79.0,-81.0,-79.0,-79.0,-77.0,-83.0,-81.0,-83.0,-81.0
1.0,29.0,27.0,30.0,32.0,28.0,27.0,28.0,24.0,29.0,25.0,27.0,27.0,24.0,27.0,30.0,29.0
1.0,-82.0,-79.0,-80.0,-78.0,-81.0,-79.0,-81.0,-78.0,-79.0,-76.0,-76.0,-75.0,-77.0,-81.0,-80.0,-86.0
1.0,-56.0,-56.0,-52.0,-51.0,-48.0,-49.0,-48.0,-50.0,-48.0,-45.0,-46.0,-46.0,-42.0,-42.0,-42.0,-47.0
1.0,-49.0,-52.0,-52.0,-55.0,-55.0,-58.0,-61.0,-60.0,-56.0,-60.0,-61.0,-62.0,-62.0,-60.0,-62.0,-61.0
1.0,-29.0,-37.0,-35.0,-33.0,-32.0,-32.0,-31.0,-28.0,-23.0,-22.0,-23.0,-23.0,-28.0,-31.0,-29.0,-20.0
1.0,-218.0,-218.0,-230.0,-257.0,-278.0,-276.0,-258.0,-239.0,-220.0,-190.0,-166.0,-166.0,-160.0,-158.0,-154.0,-136.0
1.0,-88.0,-91.0,-97.0,-97.0,-98.0,-107.0,-111.0,-115.0,-118.0,-119.0,-123.0,-127.0,-132.0,-131.0,-136.0,-134.0
1.0,26.0,21.0,15.0,14.0,13.0,7.0,1.0,-3.0,-6.0,-11.0,-13.0,-19.0,-19.0,-21.0,-21.0,-25.0
1.0,-38.0,-45.0,-56.0,-58.0,-72.0,-55.0,-51.0,-77.0,-78.0,-65.0,-45.0,-38.0,-41.0,-57.0,-57.0,-48.0
1.0,-76.0,-75.0,-73.0,-70.0,-71.0,-75.0,-72.0,-70.0,-73.0,-71.0,-71.0,-73.0,-72.0,-72.0,-70.0,-76.0
1.0,-26.0,-21.0,-21.0,-19.0,-16.0,-10.0,-9.0,-8.0,-9.0,0.0,1.0,0.0,2.0,1.0,2.0,0.0
1.0,-37.0,-37.0,-32.0,-30.0,-30.0,-30.0,-26.0,-26.0,-21.0,-20.0,-17.0,-14.0,-12.0,-12.0,-13.0,-8.0
1.0,-68.0,-57.0,-47.0,-36.0,-35.0,-38.0,-32.0,-30.0,-40.0,-37.0,-32.0,-36.0,-34.0,-37.0,-38.0,-38.0
1.0,-94.0,-94.0,-100.0,-96.0,-104.0,-104.0,-109.0,-113.0,-120.0,-130.0,-136.0,-144.0,-142.0,-158.0,-173.0,-188.0
1.0,33.0,33.0,32.0,27.0,26.0,24.0,21.0,16.0,15.0,8.0,8.0,4.0,-1.0,0.0,-7.0,-9.0
1.0,-306.0,-308.0,-298.0,-290.0,-267.0,-236.0,-218.0,-206.0,-179.0,-155.0,-125.0,-103.0,-89.0,-69.0,-58.0,-57.0
1.0,-22.0,-26.0,-30.0,-35.0,-38.0,-41.0,-45.0,-47.0,-47.0,-49.0,-45.0,-45.0,-41.0,-37.0,-36.0,-30.0
1.0,-68.0,-64.0,-72.0,-72.0,-70.0,-69.0,-73.0,-70.0,-73.0,-72.0,-72.0,-67.0,-69.0,-71.0,-72.0,-64.0
1.0,28.0,26.0,17.0,15.0,13.0,11.0,7.0,1.0,0.0,-6.0,-11.0,-15.0,-19.0,-20.0,-22.0,-24.0
1.0,-61.0,-65.0,-64.0,-64.0,-64.0,-59.0,-62.0,-61.0,-60.0,-58.0,-58.0,-55.0,-50.0,-52.0,-51.0,-49.0
1.0,-289.0,-276.0,-263.0,-233.0,-203.0,-184.0,-177.0,-180.0,-174.0,-162.0,-137.0,-114.0,-89.0,-72.0,-59.0,-56.0
1.0,-40.0,-44.0,-52.0,-50.0,-52.0,-54.0,-54.0,-53.0,-54.0,-51.0,-48.0,-41.0,-40.0,-46.0,-45.0,-50.0
1.0,-67.0,-66.0,-67.0,-69.0,-64.0,-63.0,-64.0,-60.0,-65.0,-67.0,-63.0,-67.0,-65.0,-68.0,-69.0,-63.0
1.0,-60.0,-58.0,-55.0,-56.0,-51.0,-47.0,-47.0,-46.0,-43.0,-47.0,-46.0,-41.0,-37.0,-37.0,-39.0,-42.0
1.0,-52.0,-53.0,-49.0,-44.0,-43.0,-42.0,-37.0,-36.0,-35.0,-36.0,-40.0,-39.0,-39.0,-48.0,-50.0,-57.0
1.0,-18.0,-17.0,-13.0,-4.0,1.0,6.0,11.0,16.0,19.0,39.0,55.0,55.0,60.0,65.0,80.0,89.0
1.0,-4.0,-8.0,-11.0,-12.0,-15.0,-19.0,-20.0,-24.0,-22.0,-28.0,-31.0,-33.0,-31.0,-35.0,-37.0,-36.0
1.0,-67.0,-69.0,-68.0,-66.0,-67.0,-71.0,-69.0,-70.0,-66.0,-63.0,-60.0,-63.0,-80.0,-96.0,-112.0,-119.0
1.0,172.0,178.0,179.0,173.0,174.0,170.0,172.0,170.0,169.0,169.0,166.0,166.0,162.0,162.0,159.0,154.0
1.0,-71.0,-70.0,-68.0,-69.0,-68.0,-69.0,-64.0,-66.0,-61.0,-65.0,-71.0,-70.0,-68.0,-70.0,-68.0,-67.0
1.0,-86.0,-84.0,-83.0,-80.0,-83.0,-78.0,-78.0,-78.0,-80.0,-82.0,-77.0,-78.0,-79.0,-80.0,-81.0,-78.0
1.0,-44.0,-47.0,-45.0,-45.0,-46.0,-48.0,-45.0,-40.0,-36.0,-34.0,-33.0,-33.0,-35.0,-36.0,-39.0,-37.0
1.0,-6.0,-12.0,-13.0,-13.0,-19.0,-21.0,-22.0,-27.0,-27.0,-26.0,-29.0,-30.0,-34.0,-35.0,-36.0,-35.0
1.0,-10.0,-8.0,-6.0,-9.0,-11.0,-15.0,-12.0,-10.0,-10.0,-12.0,-13.0,-13.0,-15.0,-16.0,-15.0,-13.0
1.0,-251.0,-217.0,-198.0,-182.0,-168.0,-141.0,-117.0,-89.0,-78.0,-65.0,-51.0,-51.0,-51.0,-50.0,-48.0,-50.0
1.0,-68.0,-63.0,-60.0,-61.0,-63.0,-67.0,-60.0,-62.0,-64.0,-64.0,-66.0,-60.0,-61.0,-61.0,-57.0,-60.0
1.0,-37.0,-37.0,-35.0,-36.0,-29.0,-32.0,-32.0,-35.0,-39.0,-36.0,-36.0,-36.0,-40.0,-47.0,-47.0,-48.0
1.0,-53.0,-52.0,-56.0,-53.0,-54.0,-53.0,-52.0,-55.0,-56.0,-56.0,-56.0,-56.0,-57.0,-59.0,-58.0,-60.0
1.0,-82.0,-90.0,-90.0,-92.0,-98.0,-98.0,-106.0,-112.0,-118.0,-127.0,-137.0,-155.0,-174.0,-186.0,-200.0,-196.0
1.0,-78.0,-75.0,-71.0,-74.0,-76.0,-72.0,-77.0,-80.0,-80.0,-79.0,-77.0,-79.0,-79.0,-77.0,-81.0,-78.0
1.0,-51.0,-48.0,-44.0,-45.0,-44.0,-43.0,-42.0,-41.0,-38.0,-39.0,-41.0,-40.0,-38.0,-39.0,-38.0,-34.0
1.0,-42.0,-46.0,-45.0,-39.0,-36.0,-32.0,-37.0,-41.0,-42.0,-42.0,-43.0,-47.0,-45.0,-53.0,-53.0,-59.0
1.0,-49.0,-50.0,-46.0,-47.0,-45.0,-48.0,-50.0,-56.0,-53.0,-48.0,-45.0,-42.0,-43.0,-46.0,-47.0,-44.0
1.0,-54.0,-58.0,-60.0,-64.0,-76.0,-79.0,-77.0,-75.0,-73.0,-71.0,-72.0,-70.0,-76.0,-73.0,-71.0,-75.0
1.0,0.0,-3.0,-2.0,-9.0,-13.0,-14.0,-18.0,-19.0,-19.0,-25.0,-32.0,-34.0,-35.0,-43.0,-42.0,-43.0
1.0,-145.0,-143.0,-142.0,-141.0,-143.0,-138.0,-140.0,-140.0,-136.0,-142.0,-142.0,-140.0,-137.0,-139.0,-144.0,-144.0
1.0,-70.0,-68.0,-73.0,-72.0,-70.0,-74.0,-70.0,-78.0,-74.0,-73.0,-75.0,-72.0,-73.0,-74.0,-73.0,-75.0
1.0,-39.0,-41.0,-40.0,-42.0,-38.0,-45.0,-41.0,-42.0,-41.0,-39.0,-39.0,-39.0,-40.0,-40.0,-38.0,-38.0
1.0,-215.0,-210.0,-210.0,-199.0,-174.0,-144.0,-110.0,-69.0,-49.0,-32.0,-19.0,-14.0,-12.0,-10.0,-9.0,-10.0
1.0,-252.0,-283.0,-297.0,-289.0,-304.0,-316.0,-316.0,-307.0,-286.0,-263.0,-230.0,-202.0,-199.0,-182.0,-157.0,-141.0
1.0,13.0,21.0,24.0,24.0,18.0,21.0,17.0,16.0,18.0,13.0,13.0,10.0,4.0,5.0,2.0,-4.0
1.0,-99.0,-103.0,-97.0,-96.0,-94.0,-94.0,-93.0,-99.0,-93.0,-91.0,-92.0,-90.0,-90.0,-90.0,-94.0,-93.0
1.0,-87.0,-67.0,-62.0,-57.0,-55.0,-56.0,-49.0,-48.0,-49.0,-48.0,-51.0,-51.0,-51.0,-40.0,-39.0,-39.0
1.0,-82.0,-81.0,-84.0,-88.0,-90.0,-90.0,-82.0,-81.0,-77.0,-78.0,-73.0,-75.0,-69.0,-76.0,-88.0,-99.0
1.0,71.0,77.0,76.0,82.0,76.0,80.0,82.0,80.0,85.0,89.0,89.0,84.0,82.0,77.0,78.0,80.0
1.0,-53.0,-46.0,-46.0,-52.0,-47.0,-46.0,-47.0,-44.0,-44.0,-43.0,-44.0,-45.0,-46.0,-44.0,-44.0,-46.0
1.0,-3.0,-4.0,0.0,6.0,10.0,15.0,17.0,23.0,25.0,26.0,27.0,29.0,30.0,26.0,28.0,25.0
1.0,-89.0,-90.0,-101.0,-100.0,-94.0,-76.0,-81.0,-95.0,-100.0,-89.0,-93.0,-97.0,-98.0,-94.0,-91.0,-100.0
1.0,-83.0,-82.0,-84.0,-88.0,-86.0,-86.0,-88.0,-85.0,-82.0,-84.0,-86.0,-84.0,-83.0,-85.0,-82.0,-82.0
1.0,26.0,24.0,26.0,23.0,21.0,18.0,17.0,12.0,7.0,5.0,0.0,-5.0,-4.0,-10.0,-11.0,-21.0
1.0,-227.0,-227.0,-225.0,-203.0,-171.0,-134.0,-100.0,-68.0,-56.0,-43.0,-33.0,-27.0,-25.0,-26.0,-22.0,-24.0
1.0,-262.0,-268.0,-264.0,-274.0,-275.0,-267.0,-247.0,-222.0,-184.0,-153.0,-143.0,-138.0,-116.0,-89.0,-69.0,-46.0
1.0,-63.0,-60.0,-59.0,-60.0,-57.0,-53.0,-47.0,-46.0,-44.0,-46.0,-46.0,-46.0,-48.0,-47.0,-41.0,-42.0
1.0,-83.0,-81.0,-79.0,-81.0,-82.0,-79.0,-81.0,-79.0,-81.0,-76.0,-81.0,-81.0,-81.0,-84.0,-78.0,-79.0
1.0,-25.0,-23.0,-18.0,-18.0,-24.0,-26.0,-25.0,-23.0,-22.0,-29.0,-29.0,-36.0,-40.0,-40.0,-42.0,-45.0
1.0,49.0,52.0,51.0,55.0,57.0,57.0,56.0,59.0,61.0,62.0,60.0,57.0,56.0,54.0,52.0,50.0
1.0,-63.0,-65.0,-73.0,-76.0,-81.0,-88.0,-109.0,-121.0,-139.0,-151.0,-148.0,-147.0,-173.0,-198.0,-211.0,-218.0
1.0,-87.0,-83.0,-80.0,-82.0,-81.0,-82.0,-80.0,-81.0,-83.0,-78.0,-81.0,-80.0,-78.0,-81.0,-80.0,-78.0
1.0,-47.0,-43.0,-50.0,-54.0,-61.0,-54.0,-48.0,-43.0,-49.0,-46.0,-44.0,-42.0,-40.0,-49.0,-46.0,-51.0
1.0,-66.0,-68.0,-68.0,-73.0,-70.0,-70.0,-74.0,-78.0,-74.0,-76.0,-79.0,-75.0,-79.0,-77.0,-74.0,-78.0
1.0,-77.0,-82.0,-86.0,-85.0,-83.0,-89.0,-87.0,-84.0,-77.0,-72.0,-73.0,-73.0,-78.0,-79.0,-90.0,-100.0
1.0,-25.0,-29.0,-31.0,-33.0,-31.0,-39.0,-41.0,-48.0,-52.0,-55.0,-56.0,-60.0,-60.0,-69.0,-64.0,-71.0
1.0,-96.0,-94.0,-96.0,-98.0,-95.0,-96.0,-99.0,-95.0,-98.0,-98.0,-99.0,-101.0,-109.0,-112.0,-117.0,-120.0
1.0,-24.0,-21.0,-19.0,-21.0,-20.0,-17.0,-17.0,-15.0,-13.0,-12.0,-12.0,-11.0,-8.0,-6.0,-9.0,-8.0
1.0,13.0,15.0,15.0,12.0,19.0,22.0,25.0,24.0,19.0,23.0,25.0,21.0,25.0,25.0,28.0,25.0
1.0,-147.0,-159.0,-173.0,-167.0,-167.0,-187.0,-211.0,-217.0,-220.0,-240.0,-254.0,-252.0,-257.0,-271.0,-269.0,-257.0
1.0,9.0,15.0,13.0,17.0,19.0,18.0,19.0,13.0,11.0,14.0,10.0,7.0,5.0,-1.0,-1.0,-5.0
1.0,-5.0,-3.0,-9.0,-6.0,-7.0,-8.0,-5.0,-9.0,-10.0,-9.0,-12.0,-10.0,-12.0,-11.0,-8.0,-10.0
1.0,-75.0,-77.0,-73.0,-70.0,-72.0,-73.0,-76.0,-73.0,-71.0,-71.0,-71.0,-68.0,-70.0,-78.0,-73.0,-72.0
1.0,-11.0,-5.0,0.0,12.0,21.0,27.0,38.0,40.0,40.0,39.0,34.0,30.0,39.0,40.0,52.0,60.0
1.0,-25.0,-30.0,-34.0,-34.0,-39.0,-40.0,-37.0,-37.0,-40.0,-34.0,-35.0,-36.0,-32.0,-38.0,-38.0,-39.0
1.0,21.0,21.0,17.0,11.0,12.0,8.0,2.0,2.0,1.0,-2.0,-5.0,-9.0,-10.0,-15.0,-17.0,-22.0
1.0,-72.0,-71.0,-70.0,-69.0,-71.0,-71.0,-70.0,-68.0,-67.0,-63.0,-59.0,-60.0,-57.0,-61.0,-64.0,-64.0
1.0,-93.0,-79.0,-73.0,-72.0,-62.0,-63.0,-66.0,-64.0,-63.0,-60.0,-65.0,-63.0,-60.0,-60.0,-60.0,-60.0
1.0,-88.0,-82.0,-86.0,-86.0,-88.0,-92.0,-86.0,-83.0,-86.0,-87.0,-92.0,-97.0,-103.0,-105.0,-110.0,-120.0
1.0,12.0,14.0,13.0,12.0,7.0,5.0,2.0,2.0,1.0,-5.0,-5.0,-13.0,-16.0,-15.0,-17.0,-23.0
1.0,-59.0,-66.0,-64.0,-64.0,-63.0,-65.0,-63.0,-64.0,-64.0,-63.0,-67.0,-70.0,-64.0,-61.0,-64.0,-64.0
1.0,-43.0,-42.0,-43.0,-42.0,-44.0,-53.0,-57.0,-63.0,-66.0,-64.0,-62.0,-61.0,-65.0,-60.0,-62.0,-64.0
1.0,-55.0,-52.0,-53.0,-53.0,-54.0,-54.0,-58.0,-59.0,-54.0,-53.0,-46.0,-45.0,-45.0,-42.0,-43.0,-43.0
1.0,-74.0,-80.0,-81.0,-76.0,-77.0,-72.0,-67.0,-66.0,-67.0,-69.0,-66.0,-68.0,-67.0,-59.0,-53.0,-58.0
1.0,43.0,46.0,49.0,55.0,62.0,64.0,70.0,75.0,85.0,87.0,88.0,95.0,100.0,100.0,99.0,99.0
1.0,-40.0,-37.0,-38.0,-37.0,-35.0,-34.0,-34.0,-33.0,-32.0,-34.0,-30.0,-29.0,-29.0,-24.0,-25.0,-26.0
1.0,-37.0,-38.0,-38.0,-36.0,-40.0,-41.0,-40.0,-32.0,-30.0,-30.0,-27.0,-34.0,-35.0,-32.0,-27.0,-33.0
1.0,-20.0,-18.0,-18.0,-16.0,-14.0,-17.0,-22.0,-18.0,-14.0,-13.0,-15.0,-14.0,-14.0,-12.0,-10.0,-4.0
1.0,40.0,39.0,35.0,34.0,28.0,29.0,18.0,22.0,15.0,2.0,-2.0,-6.0,-8.0,-10.0,-15.0,-23.0
1.0,-69.0,-75.0,-82.0,-83.0,-100.0,-115.0,-133.0,-158.0,-165.0,-165.0,-177.0,-193.0,-193.0,-195.0,-202.0,-202.0
1.0,-66.0,-65.0,-58.0,-63.0,-69.0,-67.0,-70.0,-68.0,-60.0,-55.0,-54.0,-55.0,-58.0,-57.0,-61.0,-60.0
1.0,-210.0,-229.0,-229.0,-236.0,-269.0,-295.0,-311.0,-323.0,-324.0,-315.0,-288.0,-257.0,-228.0,-180.0,-161.0,-153.0
1.0,-43.0,-41.0,-44.0,-44.0,-44.0,-47.0,-45.0,-45.0,-42.0,-45.0,-44.0,-52.0,-47.0,-45.0,-47.0,-48.0
1.0,-49.0,-50.0,-50.0,-51.0,-51.0,-58.0,-66.0,-75.0,-79.0,-78.0,-73.0,-71.0,-74.0,-70.0,-68.0,-71.0
1.0,2.0,2.0,9.0,7.0,9.0,7.0,8.0,5.0,4.0,3.0,6.0,9.0,6.0,6.0,3.0,2.0
1.0,-234.0,-237.0,-242.0,-258.0,-271.0,-276.0,-265.0,-246.0,-209.0,-185.0,-175.0,-164.0,-142.0,-118.0,-95.0,-74.0
1.0,-55.0,-54.0,-53.0,-52.0,-52.0,-53.0,-53.0,-53.0,-52.0,-47.0,-52.0,-48.0,-46.0,-48.0,-47.0,-45.0
1.0,-66.0,-59.0,-55.0,-56.0,-58.0,-56.0,-56.0,-53.0,-55.0,-61.0,-58.0,-57.0,-55.0,-61.0,-59.0,-56.0
1.0,-60.0,-58.0,-56.0,-57.0,-60.0,-57.0,-59.0,-58.0,-63.0,-57.0,-58.0,-57.0,-58.0,-61.0,-58.0,-59.0
1.0,-68.0,-64.0,-61.0,-58.0,-53.0,-52.0,-45.0,-41.0,-37.0,-34.0,-28.0,-32.0,-31.0,-28.0,-30.0,-33.0
1.0,-58.0,-56.0,-58.0,-55.0,-60.0,-56.0,-55.0,-58.0,-53.0,-55.0,-52.0,-53.0,-50.0,-52.0,-52.0,-48.0
1.0,-109.0,-108.0,-109.0,-110.0,-107.0,-110.0,-112.0,-118.0,-114.0,-117.0,-117.0,-116.0,-117.0,-115.0,-107.0,-107.0
1.0,-36.0,-35.0,-36.0,-34.0,-39.0,-36.0,-33.0,-31.0,-29.0,-29.0,-33.0,-41.0,-36.0,-33.0,-30.0,-28.0
1.0,-224.0,-204.0,-179.0,-143.0,-113.0,-98.0,-77.0,-69.0,-66.0,-62.0,-59.0,-58.0,-63.0,-61.0,-63.0,-57.0
1.0,-87.0,-78.0,-81.0,-83.0,-88.0,-88.0,-97.0,-95.0,-97.0,-99.0,-100.0,-100.0,-99.0,-101.0,-98.0,-93.0
1.0,-41.0,-38.0,-41.0,-42.0,-39.0,-39.0,-40.0,-41.0,-41.0,-40.0,-41.0,-37.0,-33.0,-31.0,-24.0,-26.0
1.0,60.0,58.0,63.0,67.0,66.0,67.0,68.0,68.0,65.0,59.0,60.0,56.0,55.0,50.0,46.0,41.0
1.0,10.0,10.0,5.0,5.0,0.0,0.0,-4.0,-4.0,-6.0,-6.0,-15.0,-17.0,-22.0,-27.0,-30.0,-33.0
1.0,12.0,10.0,0.0,0.0,-18.0,-40.0,-57.0,-90.0,-106.0,-113.0,-136.0,-155.0,-159.0,-176.0,-194.0,-213.0
1.0,-27.0,-25.0,-24.0,-21.0,-21.0,-20.0,-21.0,-15.0,-15.0,-15.0,-13.0,-13.0,-12.0,-9.0,-3.0,-3.0
1.0,-105.0,-111.0,-123.0,-130.0,-140.0,-163.0,-179.0,-192.0,-195.0,-184.0,-182.0,-215.0,-244.0,-253.0,-267.0,-289.0
1.0,-32.0,-29.0,-32.0,-32.0,-29.0,-29.0,-30.0,-35.0,-31.0,-31.0,-32.0,-30.0,-34.0,-32.0,-32.0,-34.0
1.0,-39.0,-41.0,-46.0,-35.0,-38.0,-44.0,-45.0,-46.0,-53.0,-48.0,-37.0,-36.0,-43.0,-45.0,-48.0,-52.0
1.0,-63.0,-63.0,-62.0,-65.0,-67.0,-68.0,-67.0,-65.0,-67.0,-69.0,-72.0,-72.0,-71.0,-71.0,-74.0,-73.0
1.0,-61.0,-58.0,-63.0,-55.0,-57.0,-57.0,-54.0,-57.0,-50.0,-54.0,-55.0,-49.0,-47.0,-50.0,-51.0,-48.0
1.0,-64.0,-61.0,-60.0,-56.0,-55.0,-57.0,-58.0,-68.0,-72.0,-81.0,-81.0,-84.0,-82.0,-79.0,-81.0,-81.0
1.0,-36.0,-38.0,-36.0,-36.0,-38.0,-37.0,-37.0,-36.0,-41.0,-36.0,-37.0,-39.0,-42.0,-39.0,-39.0,-39.0
1.0,-20.0,-18.0,-16.0,-11.0,-13.0,-8.0,-5.0,-3.0,-7.0,-3.0,0.0,0.0,1.0,-4.0,-2.0,-2.0
1.0,-29.0,-25.0,-27.0,-29.0,-28.0,-26.0,-26.0,-27.0,-17.0,-21.0,-20.0,-21.0,-17.0,-18.0,-14.0,-10.0
1.0,-47.0,-46.0,-49.0,-47.0,-48.0,-47.0,-45.0,-49.0,-42.0,-42.0,-46.0,-42.0,-50.0,-50.0,-56.0,-62.0
1.0,-76.0,-76.0,-87.0,-99.0,-99.0,-97.0,-96.0,-92.0,-96.0,-97.0,-98.0,-96.0,-97.0,-97.0,-97.0,-97.0
1.0,-40.0,-45.0,-53.0,-53.0,-51.0,-47.0,-47.0,-48.0,-48.0,-45.0,-48.0,-47.0,-44.0,-48.0,-47.0,-48.0
1.0,-72.0,-72.0,-70.0,-69.0,-71.0,-74.0,-74.0,-72.0,-71.0,-75.0,-76.0,-76.0,-79.0,-87.0,-89.0,-92.0
1.0,-25.0,-14.0,-17.0,-13.0,-11.0,-13.0,-14.0,-13.0,-14.0,-9.0,-8.0,-12.0,-15.0,-21.0,-21.0,-26.0
1.0,-28.0,-30.0,-32.0,-32.0,-30.0,-26.0,-28.0,-28.0,-27.0,-26.0,-31.0,-30.0,-29.0,-29.0,-29.0,-35.0
1.0,-83.0,-93.0,-105.0,-111.0,-127.0,-140.0,-154.0,-161.0,-159.0,-152.0,-168.0,-187.0,-200.0,-213.0,-237.0,-252.0
1.0,-58.0,-53.0,-57.0,-59.0,-56.0,-55.0,-55.0,-49.0,-52.0,-49.0,-53.0,-48.0,-46.0,-46.0,-42.0,-42.0
1.0,-59.0,-59.0,-61.0,-63.0,-63.0,-68.0,-65.0,-68.0,-73.0,-67.0,-68.0,-68.0,-68.0,-70.0,-67.0,-69.0
1.0,-43.0,-45.0,-46.0,-46.0,-46.0,-46.0,-45.0,-44.0,-46.0,-48.0,-51.0,-52.0,-53.0,-51.0,-48.0,-50.0
1.0,-66.0,-63.0,-62.0,-63.0,-66.0,-63.0,-64.0,-63.0,-63.0,-63.0,-63.0,-64.0,-71.0,-72.0,-76.0,-79.0
1.0,-57.0,-62.0,-63.0,-63.0,-68.0,-70.0,-75.0,-83.0,-87.0,-91.0,-95.0,-102.0,-107.0,-111.0,-115.0,-120.0
1.0,-79.0,-71.0,-72.0,-73.0,-74.0,-74.0,-83.0,-93.0,-96.0,-95.0,-93.0,-91.0,-90.0,-91.0,-93.0,-95.0
1.0,-64.0,-66.0,-62.0,-62.0,-65.0,-63.0,-62.0,-64.0,-66.0,-66.0,-64.0,-63.0,-62.0,-61.0,-56.0,-59.0
1.0,-50.0,-44.0,-48.0,-44.0,-46.0,-43.0,-35.0,-35.0,-29.0,-35.0,-34.0,-38.0,-37.0,-33.0,-31.0,-27.0
1.0,-95.0,-102.0,-100.0,-100.0,-104.0,-103.0,-102.0,-109.0,-107.0,-110.0,-108.0,-106.0,-110.0,-106.0,-103.0,-107.0
1.0,-86.0,-86.0,-86.0,-86.0,-85.0,-90.0,-93.0,-102.0,-108.0,-115.0,-118.0,-127.0,-136.0,-147.0,-165.0,-177.0
1.0,-84.0,-89.0,-91.0,-87.0,-84.0,-83.0,-85.0,-85.0,-80.0,-79.0,-78.0,-81.0,-84.0,-83.0,-83.0,-84.0
1.0,-61.0,-58.0,-55.0,-54.0,-52.0,-63.0,-77.0,-83.0,-81.0,-78.0,-77.0,-75.0,-77.0,-71.0,-77.0,-83.0
1.0,-172.0,-175.0,-171.0,-173.0,-190.0,-212.0,-217.0,-223.0,-247.0,-270.0,-265.0,-278.0,-303.0,-308.0,-312.0,-305.0
1.0,-131.0,-133.0,-140.0,-150.0,-145.0,-149.0,-149.0,-155.0,-152.0,-154.0,-160.0,-161.0,-163.0,-164.0,-158.0,-157.0
1.0,-39.0,-37.0,-39.0,-39.0,-41.0,-38.0,-37.0,-35.0,-37.0,-35.0,-40.0,-41.0,-36.0,-38.0,-43.0,-38.0
1.0,-38.0,-41.0,-37.0,-38.0,-37.0,-36.0,-35.0,-32.0,-34.0,-30.0,-30.0,-30.0,-28.0,-25.0,-22.0,-25.0
1.0,15.0,16.0,16.0,20.0,19.0,23.0,26.0,30.0,32.0,33.0,34.0,41.0,37.0,39.0,39.0,41.0
1.0,11.0,9.0,12.0,14.0,11.0,20.0,19.0,18.0,18.0,20.0,21.0,12.0,9.0,7.0,8.0,11.0
1.0,-36.0,-35.0,-32.0,-31.0,-36.0,-35.0,-35.0,-28.0,-22.0,-24.0,-24.0,-21.0,-20.0,-21.0,-13.0,-13.0
1.0,60.0,51.0,47.0,45.0,36.0,35.0,29.0,25.0,22.0,23.0,17.0,12.0,10.0,9.0,9.0,3.0
1.0,-59.0,-59.0,-60.0,-61.0,-55.0,-54.0,-55.0,-53.0,-60.0,-66.0,-60.0,-55.0,-57.0,-57.0,-58.0,-62.0
1.0,-18.0,-13.0,-8.0,-7.0,-6.0,-5.0,-2.0,0.0,0.0,1.0,-1.0,0.0,-5.0,-6.0,-13.0,-14.0
1.0,-309.0,-301.0,-292.0,-299.0,-314.0,-320.0,-323.0,-331.0,-338.0,-341.0,-339.0,-346.0,-351.0,-356.0,-352.0,-363.0
1.0,-65.0,-65.0,-68.0,-66.0,-64.0,-63.0,-63.0,-62.0,-66.0,-64.0,-66.0,-61.0,-62.0,-60.0,-58.0,-55.0
1.0,-10.0,-15.0,-14.0,-13.0,-13.0,-18.0,-16.0,-18.0,-19.0,-18.0,-16.0,-19.0,-20.0,-23.0,-23.0,-15.0
1.0,-78.0,-74.0,-77.0,-78.0,-73.0,-72.0,-74.0,-77.0,-73.0,-72.0,-79.0,-76.0,-75.0,-75.0,-74.0,-73.0
1.0,26.0,25.0,27.0,25.0,27.0,21.0,22.0,19.0,16.0,11.0,12.0,9.0,7.0,1.0,0.0,-3.0
1.0,-76.0,-78.0,-72.0,-68.0,-72.0,-68.0,-66.0,-63.0,-72.0,-84.0,-93.0,-95.0,-89.0,-83.0,-84.0,-86.0
1.0,-118.0,-126.0,-132.0,-140.0,-160.0,-174.0,-187.0,-195.0,-187.0,-194.0,-216.0,-225.0,-229.0,-243.0,-270.0,-281.0
1.0,-64.0,-69.0,-77.0,-73.0,-75.0,-77.0,-76.0,-82.0,-86.0,-88.0,-94.0,-95.0,-97.0,-101.0,-98.0,-97.0
1.0,-71.0,-67.0,-69.0,-67.0,-66.0,-67.0,-71.0,-75.0,-69.0,-69.0,-70.0,-68.0,-71.0,-72.0,-74.0,-70.0
1.0,12.0,22.0,26.0,27.0,36.0,38.0,42.0,45.0,47.0,55.0,55.0,63.0,65.0,67.0,72.0,75.0
1.0,-69.0,-68.0,-76.0,-77.0,-63.0,-63.0,-64.0,-68.0,-62.0,-64.0,-64.0,-71.0,-62.0,-47.0,-45.0,-71.0
1.0,-91.0,-96.0,-108.0,-124.0,-145.0,-165.0,-181.0,-187.0,-201.0,-215.0,-218.0,-219.0,-238.0,-252.0,-258.0,-278.0
1.0,-73.0,-73.0,-79.0,-79.0,-79.0,-84.0,-82.0,-88.0,-91.0,-95.0,-100.0,-100.0,-103.0,-100.0,-100.0,-96.0
1.0,24.0,27.0,28.0,28.0,27.0,23.0,27.0,27.0,21.0,21.0,19.0,19.0,15.0,14.0,12.0,9.0
1.0,-43.0,-41.0,-42.0,-40.0,-40.0,-37.0,-39.0,-39.0,-38.0,-36.0,-32.0,-32.0,-30.0,-28.0,-25.0,-24.0
1.0,-74.0,-72.0,-69.0,-71.0,-70.0,-72.0,-71.0,-72.0,-72.0,-73.0,-73.0,-78.0,-74.0,-72.0,-76.0,-74.0
1.0,-113.0,-123.0,-131.0,-149.0,-165.0,-174.0,-181.0,-175.0,-171.0,-188.0,-200.0,-202.0,-203.0,-227.0,-246.0,-237.0
1.0,-61.0,-68.0,-70.0,-73.0,-67.0,-67.0,-64.0,-67.0,-69.0,-65.0,-65.0,-67.0,-61.0,-66.0,-60.0,-64.0
1.0,-12.0,-10.0,-8.0,0.0,0.0,0.0,4.0,12.0,14.0,20.0,18.0,22.0,28.0,27.0,26.0,28.0
1.0,5.0,7.0,12.0,15.0,17.0,19.0,22.0,20.0,18.0,19.0,21.0,13.0,7.0,10.0,6.0,4.0
1.0,-31.0,-36.0,-36.0,-40.0,-45.0,-44.0,-50.0,-54.0,-55.0,-56.0,-56.0,-60.0,-56.0,-56.0,-54.0,-52.0
1.0,-253.0,-269.0,-289.0,-299.0,-303.0,-297.0,-291.0,-265.0,-241.0,-229.0,-213.0,-188.0,-157.0,-136.0,-111.0,-96.0
1.0,-77.0,-78.0,-76.0,-73.0,-75.0,-75.0,-74.0,-74.0,-74.0,-75.0,-73.0,-72.0,-75.0,-78.0,-74.0,-76.0
1.0,-58.0,-55.0,-53.0,-46.0,-44.0,-48.0,-50.0,-54.0,-68.0,-72.0,-72.0,-70.0,-66.0,-67.0,-67.0,-65.0
1.0,11.0,15.0,18.0,15.0,19.0,13.0,11.0,18.0,24.0,27.0,25.0,18.0,7.0,10.0,14.0,26.0
1.0,-236.0,-247.0,-253.0,-256.0,-275.0,-292.0,-291.0,-298.0,-310.0,-311.0,-302.0,-279.0,-255.0,-232.0,-202.0,-199.0
1.0,-134.0,-135.0,-138.0,-138.0,-136.0,-135.0,-131.0,-127.0,-127.0,-127.0,-123.0,-130.0,-136.0,-143.0,-143.0,-147.0
1.0,-56.0,-59.0,-60.0,-60.0,-62.0,-62.0,-57.0,-51.0,-50.0,-56.0,-59.0,-60.0,-67.0,-67.0,-63.0,-62.0
1.0,-17.0,-18.0,-19.0,-19.0,-23.0,-22.0,-21.0,-22.0,-26.0,-26.0,-25.0,-29.0,-29.0,-28.0,-24.0,-22.0
1.0,-29.0,-32.0,-30.0,-33.0,-36.0,-38.0,-35.0,-38.0,-39.0,-35.0,-35.0,-37.0,-34.0,-39.0,-40.0,-37.0
1.0,-58.0,-63.0,-65.0,-63.0,-62.0,-55.0,-56.0,-60.0,-60.0,-57.0,-56.0,-57.0,-53.0,-48.0,-50.0,-52.0
1.0,-237.0,-252.0,-247.0,-248.0,-259.0,-257.0,-267.0,-278.0,-281.0,-286.0,-326.0,-355.0,-359.0,-350.0,-333.0,-319.0
1.0,-130.0,-127.0,-134.0,-136.0,-132.0,-135.0,-129.0,-136.0,-139.0,-144.0,-147.0,-149.0,-149.0,-148.0,-150.0,-149.0
1.0,-50.0,-48.0,-48.0,-47.0,-50.0,-52.0,-51.0,-45.0,-44.0,-49.0,-47.0,-49.0,-50.0,-52.0,-52.0,-45.0
1.0,18.0,17.0,14.0,11.0,9.0,9.0,6.0,5.0,2.0,0.0,-4.0,-11.0,-11.0,-20.0,-24.0,-24.0
1.0,-14.0,-16.0,-25.0,-26.0,-32.0,-35.0,-42.0,-41.0,-43.0,-53.0,-52.0,-53.0,-58.0,-63.0,-60.0,-64.0
1.0,-77.0,-72.0,-73.0,-74.0,-75.0,-71.0,-77.0,-84.0,-86.0,-89.0,-90.0,-97.0,-98.0,-113.0,-128.0,-144.0
1.0,-65.0,-64.0,-64.0,-59.0,-59.0,-60.0,-64.0,-67.0,-70.0,-68.0,-60.0,-58.0,-52.0,-57.0,-63.0,-64.0
1.0,-33.0,-34.0,-38.0,-39.0,-41.0,-39.0,-41.0,-40.0,-41.0,-42.0,-41.0,-40.0,-43.0,-42.0,-36.0,-36.0
1.0,-54.0,-51.0,-51.0,-44.0,-41.0,-43.0,-36.0,-36.0,-36.0,-31.0,-26.0,-24.0,-26.0,-24.0,-24.0,-23.0
1.0,6.0,-1.0,10.0,14.0,10.0,12.0,15.0,11.0,8.0,6.0,9.0,13.0,15.0,15.0,18.0,18.0
1.0,-44.0,-42.0,-43.0,-40.0,-44.0,-40.0,-42.0,-39.0,-45.0,-42.0,-44.0,-46.0,-45.0,-43.0,-46.0,-42.0
1.0,-3.0,-14.0,-7.0,-9.0,-8.0,-19.0,-23.0,-21.0,-19.0,-18.0,-22.0,-25.0,-25.0,-35.0,-32.0,-32.0
1.0,-52.0,-48.0,-50.0,-50.0,-51.0,-46.0,-46.0,-50.0,-48.0,-47.0,-50.0,-48.0,-45.0,-47.0,-51.0,-52.0
1.0,-32.0,-36.0,-42.0,-44.0,-44.0,-49.0,-55.0,-54.0,-55.0,-52.0,-53.0,-54.0,-51.0,-47.0,-42.0,-45.0
1.0,-31.0,-30.0,-34.0,-33.0,-35.0,-32.0,-32.0,-23.0,-18.0,-18.0,-30.0,-32.0,-27.0,-27.0,-25.0,-28.0
1.0,23.0,17.0,11.0,4.0,4.0,6.0,2.0,-4.0,-2.0,-4.0,-3.0,-7.0,-7.0,-8.0,-8.0,-13.0
1.0,-60.0,-54.0,-49.0,-37.0,-32.0,-37.0,-37.0,-37.0,-38.0,-41.0,-37.0,-40.0,-39.0,-36.0,-37.0,-33.0
1.0,-69.0,-68.0,-66.0,-66.0,-64.0,-59.0,-60.0,-62.0,-68.0,-78.0,-80.0,-86.0,-82.0,-80.0,-82.0,-82.0
1.0,-40.0,-40.0,-41.0,-42.0,-38.0,-34.0,-35.0,-37.0,-35.0,-33.0,-30.0,-30.0,-30.0,-25.0,-26.0,-24.0
1.0,-53.0,-54.0,-53.0,-53.0,-54.0,-56.0,-56.0,-53.0,-54.0,-59.0,-57.0,-56.0,-59.0,-59.0,-57.0,-58.0
1.0,-182.0,-168.0,-170.0,-167.0,-153.0,-148.0,-140.0,-139.0,-164.0,-224.0,-261.0,-276.0,-295.0,-299.0,-288.0,-267.0
1.0,-38.0,-45.0,-41.0,-41.0,-51.0,-52.0,-42.0,-40.0,-32.0,-24.0,-34.0,-40.0,-40.0,-40.0,-36.0,-35.0
1.0,-35.0,-32.0,-37.0,-41.0,-43.0,-40.0,-44.0,-43.0,-45.0,-46.0,-45.0,-51.0,-46.0,-48.0,-49.0,-47.0
1.0,-268.0,-269.0,-264.0,-248.0,-218.0,-206.0,-198.0,-178.0,-153.0,-123.0,-96.0,-77.0,-61.0,-46.0,-36.0,-34.0
1.0,26.0,25.0,25.0,29.0,26.0,28.0,24.0,26.0,22.0,22.0,24.0,17.0,13.0,8.0,9.0,3.0
1.0,-61.0,-64.0,-61.0,-58.0,-57.0,-60.0,-60.0,-60.0,-61.0,-61.0,-60.0,-56.0,-60.0,-58.0,-60.0,-64.0
1.0,40.0,38.0,36.0,35.0,39.0,36.0,41.0,36.0,42.0,45.0,47.0,47.0,52.0,43.0,33.0,26.0
1.0,-41.0,-48.0,-47.0,-52.0,-53.0,-56.0,-59.0,-61.0,-69.0,-83.0,-100.0,-107.0,-114.0,-134.0,-143.0,-150.0
1.0,2.0,6.0,5.0,7.0,9.0,9.0,11.0,12.0,9.0,9.0,10.0,7.0,3.0,3.0,0.0,-2.0
1.0,-45.0,-45.0,-41.0,-42.0,-44.0,-45.0,-45.0,-45.0,-42.0,-46.0,-41.0,-48.0,-39.0,-44.0,-49.0,-46.0
1.0,-68.0,-74.0,-73.0,-84.0,-89.0,-87.0,-93.0,-84.0,-84.0,-80.0,-78.0,-83.0,-86.0,-80.0,-77.0,-87.0
1.0,18.0,18.0,23.0,19.0,24.0,17.0,18.0,17.0,16.0,13.0,11.0,10.0,4.0,2.0,-2.0,-5.0
1.0,-2.0,-1.0,2.0,3.0,7.0,3.0,3.0,9.0,7.0,5.0,2.0,-1.0,-3.0,-7.0,-7.0,-10.0
1.0,-27.0,-18.0,-19.0,-16.0,-6.0,-9.0,-8.0,-10.0,-4.0,-8.0,-11.0,-16.0,-14.0,-14.0,-11.0,-15.0
1.0,-61.0,-60.0,-61.0,-64.0,-64.0,-64.0,-68.0,-69.0,-64.0,-68.0,-64.0,-69.0,-66.0,-70.0,-68.0,-66.0
1.0,-48.0,-49.0,-48.0,-48.0,-49.0,-49.0,-46.0,-48.0,-48.0,-51.0,-53.0,-52.0,-53.0,-53.0,-55.0,-59.0
1.0,31.0,23.0,24.0,25.0,24.0,18.0,12.0,7.0,2.0,5.0,4.0,2.0,7.0,5.0,8.0,6.0
1.0,-45.0,-48.0,-47.0,-53.0,-64.0,-66.0,-70.0,-71.0,-65.0,-66.0,-69.0,-69.0,-69.0,-66.0,-66.0,-64.0
1.0,-260.0,-260.0,-259.0,-243.0,-206.0,-179.0,-144.0,-113.0,-98.0,-83.0,-77.0,-71.0,-66.0,-69.0,-66.0,-62.0
1.0,-21.0,-16.0,-18.0,-22.0,-21.0,-24.0,-21.0,-20.0,-16.0,-14.0,-10.0,-16.0,-19.0,-18.0,-20.0,-19.0
1.0,-56.0,-45.0,-42.0,-32.0,-27.0,-22.0,-21.0,-21.0,-26.0,-27.0,-30.0,-28.0,-31.0,-34.0,-32.0,-33.0
1.0,-52.0,-54.0,-57.0,-59.0,-63.0,-64.0,-64.0,-67.0,-69.0,-73.0,-70.0,-72.0,-72.0,-74.0,-71.0,-76.0
1.0,-57.0,-57.0,-64.0,-61.0,-61.0,-65.0,-70.0,-64.0,-60.0,-63.0,-61.0,-57.0,-51.0,-50.0,-54.0,-55.0
1.0,-80.0,-80.0,-68.0,-62.0,-70.0,-89.0,-84.0,-67.0,-62.0,-65.0,-74.0,-76.0,-67.0,-63.0,-63.0,-66.0
1.0,-57.0,-55.0,-58.0,-59.0,-54.0,-48.0,-46.0,-41.0,-44.0,-48.0,-45.0,-44.0,-34.0,-35.0,-38.0,-40.0
1.0,-17.0,-17.0,-20.0,-17.0,-19.0,-16.0,-16.0,-15.0,-13.0,-12.0,-8.0,-10.0,-3.0,1.0,0.0,1.0
1.0,-141.0,-146.0,-156.0,-166.0,-175.0,-192.0,-207.0,-217.0,-232.0,-237.0,-234.0,-249.0,-270.0,-288.0,-288.0,-305.0
1.0,-82.0,-81.0,-82.0,-83.0,-83.0,-83.0,-80.0,-80.0,-82.0,-84.0,-86.0,-84.0,-86.0,-81.0,-86.0,-80.0
1.0,-87.0,-162.0,-206.0,-215.0,-239.0,-255.0,-251.0,-231.0,-222.0,-225.0,-222.0,-224.0,-205.0,-178.0,-142.0,-105.0
1.0,-229.0,-226.0,-221.0,-194.0,-156.0,-126.0,-88.0,-68.0,-52.0,-42.0,-33.0,-29.0,-26.0,-24.0,-21.0,-22.0
1.0,-63.0,-58.0,-63.0,-60.0,-60.0,-59.0,-58.0,-56.0,-54.0,-49.0,-52.0,-50.0,-51.0,-44.0,-45.0,-40.0
1.0,-81.0,-85.0,-79.0,-82.0,-79.0,-85.0,-81.0,-84.0,-84.0,-80.0,-81.0,-79.0,-80.0,-82.0,-81.0,-82.0
1.0,-50.0,-48.0,-44.0,-40.0,-41.0,-43.0,-45.0,-43.0,-41.0,-44.0,-47.0,-45.0,-53.0,-59.0,-59.0,-67.0
1.0,-64.0,-71.0,-75.0,-83.0,-81.0,-89.0,-95.0,-105.0,-112.0,-128.0,-151.0,-172.0,-192.0,-195.0,-205.0,-217.0
1.0,-29.0,-30.0,-32.0,-24.0,-26.0,-28.0,-22.0,-26.0,-22.0,-21.0,-20.0,-22.0,-19.0,-18.0,-16.0,-14.0
1.0,-30.0,-29.0,-29.0,-27.0,-29.0,-25.0,-29.0,-25.0,-22.0,-25.0,-19.0,-16.0,-20.0,-15.0,-11.0,-8.0
1.0,-48.0,-45.0,-43.0,-43.0,-39.0,-36.0,-29.0,-29.0,-25.0,-21.0,-23.0,-17.0,-14.0,-12.0,-8.0,-9.0
1.0,-53.0,-55.0,-52.0,-50.0,-48.0,-45.0,-42.0,-44.0,-38.0,-33.0,-23.0,-25.0,-23.0,-24.0,-19.0,-10.0
1.0,5.0,3.0,1.0,3.0,1.0,-4.0,-5.0,-5.0,-8.0,-14.0,-15.0,-18.0,-20.0,-24.0,-26.0,-28.0
1.0,-56.0,-62.0,-71.0,-73.0,-73.0,-70.0,-66.0,-68.0,-69.0,-69.0,-72.0,-70.0,-68.0,-68.0,-67.0,-71.0
1.0,-32.0,-32.0,-39.0,-41.0,-42.0,-40.0,-43.0,-46.0,-47.0,-49.0,-46.0,-48.0,-45.0,-46.0,-47.0,-49.0
1.0,-84.0,-86.0,-85.0,-82.0,-85.0,-88.0,-86.0,-85.0,-86.0,-90.0,-91.0,-89.0,-88.0,-89.0,-88.0,-88.0
1.0,-129.0,-142.0,-156.0,-169.0,-179.0,-195.0,-201.0,-189.0,-187.0,-188.0,-183.0,-180.0,-176.0,-165.0,-185.0,-250.0
1.0,0.0,4.0,5.0,0.0,3.0,2.0,-5.0,1.0,-3.0,1.0,-1.0,-5.0,-6.0,-9.0,-1.0,6.0
1.0,-17.0,-23.0,-24.0,-30.0,-35.0,-34.0,-41.0,-40.0,-42.0,-42.0,-44.0,-49.0,-48.0,-47.0,-49.0,-49.0
1.0,-49.0,-42.0,-37.0,-34.0,-40.0,-42.0,-42.0,-46.0,-45.0,-49.0,-46.0,-48.0,-52.0,-53.0,-55.0,-53.0
1.0,0.0,2.0,1.0,3.0,7.0,16.0,17.0,18.0,23.0,22.0,24.0,27.0,28.0,27.0,22.0,23.0
1.0,-79.0,-75.0,-74.0,-80.0,-81.0,-78.0,-74.0,-83.0,-77.0,-79.0,-88.0,-89.0,-98.0,-105.0,-110.0,-115.0
1.0,-64.0,-62.0,-63.0,-65.0,-62.0,-63.0,-61.0,-61.0,-63.0,-58.0,-62.0,-63.0,-62.0,-63.0,-63.0,-65.0
1.0,-91.0,-90.0,-89.0,-90.0,-87.0,-90.0,-90.0,-89.0,-90.0,-91.0,-91.0,-91.0,-87.0,-90.0,-92.0,-91.0
1.0,-65.0,-68.0,-69.0,-68.0,-67.0,-63.0,-64.0,-68.0,-72.0,-71.0,-65.0,-64.0,-69.0,-64.0,-58.0,-62.0
1.0,22.0,19.0,22.0,26.0,30.0,27.0,28.0,31.0,29.0,27.0,29.0,26.0,26.0,23.0,23.0,25.0
1.0,-76.0,-73.0,-72.0,-79.0,-81.0,-83.0,-84.0,-88.0,-95.0,-94.0,-93.0,-94.0,-94.0,-89.0,-90.0,-91.0
1.0,-96.0,-97.0,-97.0,-99.0,-102.0,-99.0,-101.0,-98.0,-96.0,-90.0,-92.0,-92.0,-88.0,-96.0,-109.0,-111.0
1.0,48.0,53.0,46.0,44.0,41.0,39.0,38.0,33.0,28.0,25.0,26.0,16.0,14.0,6.0,2.0,4.0
1.0,19.0,17.0,14.0,5.0,6.0,0.0,-4.0,-10.0,-13.0,-17.0,-22.0,-24.0,-27.0,-32.0,-37.0,-36.0
1.0,-52.0,-57.0,-57.0,-57.0,-55.0,-56.0,-55.0,-51.0,-54.0,-56.0,-53.0,-53.0,-58.0,-56.0,-56.0,-55.0
1.0,-24.0,-16.0,-18.0,-15.0,-20.0,-18.0,-20.0,-20.0,-16.0,-16.0,-20.0,-16.0,-14.0,-23.0,-27.0,-34.0
1.0,-55.0,-52.0,-50.0,-54.0,-51.0,-50.0,-48.0,-48.0,-44.0,-46.0,-46.0,-37.0,-37.0,-30.0,-28.0,-23.0
1.0,-37.0,-37.0,-40.0,-40.0,-46.0,-49.0,-54.0,-55.0,-55.0,-55.0,-59.0,-57.0,-59.0,-55.0,-52.0,-48.0
1.0,-15.0,-9.0,-7.0,-9.0,-5.0,-5.0,2.0,6.0,3.0,13.0,17.0,21.0,19.0,25.0,22.0,25.0
1.0,28.0,26.0,28.0,29.0,26.0,26.0,20.0,18.0,14.0,13.0,9.0,10.0,9.0,5.0,1.0,0.0
1.0,-32.0,-41.0,-46.0,-50.0,-48.0,-52.0,-47.0,-48.0,-48.0,-44.0,-50.0,-47.0,-51.0,-50.0,-53.0,-51.0
1.0,-119.0,-97.0,-76.0,-70.0,-67.0,-59.0,-63.0,-62.0,-59.0,-64.0,-66.0,-62.0,-68.0,-68.0,-62.0,-64.0
1.0,-176.0,-158.0,-154.0,-138.0,-113.0,-89.0,-75.0,-64.0,-58.0,-53.0,-54.0,-51.0,-50.0,-53.0,-53.0,-58.0
1.0,-39.0,-43.0,-51.0,-50.0,-53.0,-56.0,-55.0,-57.0,-63.0,-68.0,-71.0,-56.0,-57.0,-58.0,-60.0,-59.0
1.0,-74.0,-78.0,-73.0,-76.0,-80.0,-75.0,-78.0,-81.0,-81.0,-79.0,-79.0,-80.0,-79.0,-78.0,-78.0,-83.0
1.0,-78.0,-80.0,-82.0,-81.0,-84.0,-84.0,-81.0,-83.0,-82.0,-77.0,-77.0,-72.0,-70.0,-68.0,-62.0,-64.0
1.0,-54.0,-58.0,-61.0,-64.0,-65.0,-63.0,-66.0,-68.0,-64.0,-64.0,-62.0,-57.0,-55.0,-58.0,-59.0,-69.0
1.0,-67.0,-66.0,-62.0,-60.0,-57.0,-60.0,-64.0,-70.0,-79.0,-83.0,-84.0,-79.0,-78.0,-74.0,-81.0,-78.0
1.0,16.0,11.0,6.0,1.0,-13.0,-13.0,-16.0,-13.0,-17.0,-27.0,-30.0,-30.0,-29.0,-32.0,-37.0,-40.0
1.0,-19.0,-17.0,-19.0,-21.0,-24.0,-21.0,-21.0,-26.0,-31.0,-36.0,-42.0,-45.0,-49.0,-49.0,-46.0,-47.0
1.0,-48.0,-32.0,-27.0,-30.0,-30.0,-29.0,-27.0,-32.0,-38.0,-38.0,-40.0,-49.0,-59.0,-54.0,-40.0,-43.0
1.0,-71.0,-75.0,-79.0,-77.0,-84.0,-90.0,-98.0,-99.0,-109.0,-115.0,-119.0,-141.0,-156.0,-172.0,-179.0,-172.0
1.0,161.0,163.0,166.0,166.0,167.0,165.0,169.0,173.0,175.0,172.0,177.0,166.0,149.0,146.0,150.0,153.0
1.0,-72.0,-77.0,-82.0,-89.0,-92.0,-97.0,-94.0,-86.0,-89.0,-90.0,-85.0,-84.0,-79.0,-83.0,-86.0,-87.0
1.0,-1.0,4.0,5.0,3.0,8.0,13.0,12.0,14.0,13.0,17.0,20.0,32.0,28.0,32.0,39.0,40.0
1.0,-82.0,-85.0,-84.0,-80.0,-80.0,-80.0,-83.0,-79.0,-79.0,-81.0,-81.0,-81.0,-78.0,-83.0,-85.0,-79.0
1.0,-9.0,-1.0,3.0,3.0,3.0,7.0,16.0,17.0,17.0,20.0,13.0,10.0,20.0,27.0,35.0,37.0
1.0,-13.0,-14.0,-20.0,-18.0,-23.0,-20.0,-22.0,-21.0,-19.0,-19.0,-21.0,-22.0,-21.0,-23.0,-22.0,-18.0
1.0,-129.0,-129.0,-128.0,-131.0,-138.0,-137.0,-135.0,-135.0,-135.0,-134.0,-134.0,-134.0,-130.0,-128.0,-131.0,-135.0
1.0,-70.0,-71.0,-73.0,-82.0,-87.0,-94.0,-104.0,-122.0,-134.0,-152.0,-166.0,-166.0,-169.0,-194.0,-213.0,-218.0
1.0,-97.0,-95.0,-94.0,-94.0,-96.0,-95.0,-97.0,-97.0,-96.0,-94.0,-93.0,-98.0,-94.0,-94.0,-93.0,-93.0
1.0,-159.0,-177.0,-203.0,-211.0,-213.0,-228.0,-237.0,-244.0,-235.0,-223.0,-197.0,-167.0,-142.0,-129.0,-109.0,-85.0
1.0,-70.0,-68.0,-67.0,-65.0,-67.0,-67.0,-67.0,-68.0,-64.0,-64.0,-66.0,-69.0,-72.0,-73.0,-81.0,-84.0
1.0,-158.0,-159.0,-160.0,-160.0,-159.0,-160.0,-158.0,-160.0,-159.0,-159.0,-155.0,-153.0,-149.0,-150.0,-148.0,-147.0
1.0,68.0,68.0,70.0,70.0,74.0,76.0,79.0,79.0,80.0,83.0,91.0,90.0,89.0,93.0,99.0,98.0
1.0,-56.0,-56.0,-57.0,-58.0,-58.0,-54.0,-52.0,-48.0,-47.0,-45.0,-48.0,-53.0,-58.0,-69.0,-73.0,-71.0
1.0,-78.0,-89.0,-93.0,-113.0,-127.0,-139.0,-157.0,-155.0,-152.0,-170.0,-198.0,-203.0,-204.0,-220.0,-228.0,-238.0
1.0,-12.0,-7.0,-3.0,-2.0,3.0,3.0,3.0,11.0,13.0,15.0,19.0,20.0,25.0,25.0,24.0,27.0
1.0,24.0,29.0,23.0,33.0,29.0,25.0,29.0,30.0,30.0,25.0,23.0,17.0,13.0,7.0,4.0,7.0
1.0,-145.0,-166.0,-176.0,-175.0,-173.0,-183.0,-184.0,-197.0,-226.0,-248.0,-247.0,-248.0,-239.0,-215.0,-184.0,-163.0
1.0,-16.0,-16.0,-22.0,-19.0,-19.0,-21.0,-20.0,-22.0,-22.0,-19.0,-24.0,-27.0,-26.0,-29.0,-27.0,-29.0
1.0,-48.0,-47.0,-46.0,-47.0,-41.0,-47.0,-44.0,-39.0,-44.0,-44.0,-45.0,-42.0,-42.0,-43.0,-40.0,-47.0
1.0,-17.0,-18.0,-20.0,-22.0,-26.0,-27.0,-29.0,-30.0,-25.0,-31.0,-34.0,-31.0,-33.0,-34.0,-34.0,-34.0
1.0,-82.0,-74.0,-79.0,-77.0,-75.0,-72.0,-73.0,-70.0,-64.0,-65.0,-63.0,-64.0,-63.0,-63.0,-69.0,-62.0
1.0,17.0,15.0,13.0,10.0,8.0,5.0,0.0,1.0,-2.0,-7.0,-10.0,-15.0,-19.0,-25.0,-32.0,-30.0
1.0,3.0,0.0,-5.0,-11.0,-13.0,-13.0,-17.0,-21.0,-21.0,-18.0,-19.0,-18.0,-14.0,-13.0,-7.0,-10.0
1.0,-80.0,-79.0,-81.0,-82.0,-78.0,-78.0,-83.0,-77.0,-77.0,-82.0,-80.0,-78.0,-77.0,-78.0,-77.0,-76.0
1.0,-32.0,-36.0,-37.0,-38.0,-43.0,-39.0,-39.0,-45.0,-49.0,-50.0,-47.0,-51.0,-55.0,-58.0,-58.0,-57.0
1.0,-44.0,-42.0,-46.0,-46.0,-47.0,-48.0,-46.0,-48.0,-48.0,-52.0,-50.0,-48.0,-47.0,-48.0,-47.0,-47.0
1.0,-35.0,-35.0,-34.0,-37.0,-34.0,-34.0,-34.0,-37.0,-34.0,-32.0,-32.0,-28.0,-25.0,-23.0,-21.0,-22.0
1.0,-198.0,-211.0,-233.0,-241.0,-250.0,-271.0,-279.0,-285.0,-301.0,-307.0,-306.0,-295.0,-275.0,-253.0,-223.0,-203.0
1.0,-53.0,-56.0,-59.0,-66.0,-70.0,-71.0,-70.0,-81.0,-80.0,-82.0,-84.0,-87.0,-88.0,-87.0,-95.0,-92.0
1.0,6.0,-5.0,-18.0,-14.0,-14.0,-3.0,1.0,11.0,6.0,0.0,3.0,2.0,2.0,10.0,12.0,13.0
1.0,-50.0,-53.0,-52.0,-52.0,-47.0,-45.0,-46.0,-48.0,-44.0,-45.0,-46.0,-43.0,-42.0,-45.0,-39.0,-41.0
1.0,-37.0,-40.0,-35.0,-34.0,-31.0,-28.0,-30.0,-29.0,-24.0,-25.0,-20.0,-18.0,-16.0,-14.0,-10.0,-7.0
1.0,-104.0,-130.0,-155.0,-163.0,-180.0,-192.0,-205.0,-219.0,-240.0,-259.0,-275.0,-283.0,-287.0,-290.0,-285.0,-267.0
1.0,-29.0,-28.0,-26.0,-23.0,-19.0,-22.0,-20.0,-18.0,-14.0,-12.0,-9.0,-8.0,-3.0,-2.0,3.0,9.0
1.0,-43.0,-43.0,-47.0,-46.0,-46.0,-47.0,-49.0,-49.0,-47.0,-52.0,-50.0,-52.0,-50.0,-52.0,-56.0,-50.0
1.0,-43.0,-39.0,-39.0,-40.0,-36.0,-40.0,-40.0,-35.0,-40.0,-41.0,-39.0,-39.0,-37.0,-33.0,-34.0,-32.0
1.0,-140.0,-154.0,-169.0,-170.0,-169.0,-187.0,-201.0,-202.0,-201.0,-225.0,-284.0,-291.0,-296.0,-313.0,-330.0,-341.0
1.0,-39.0,-37.0,-43.0,-37.0,-37.0,-38.0,-35.0,-37.0,-35.0,-36.0,-31.0,-30.0,-28.0,-23.0,-23.0,-27.0
1.0,-78.0,-74.0,-75.0,-74.0,-74.0,-76.0,-79.0,-75.0,-74.0,-76.0,-74.0,-74.0,-72.0,-69.0,-70.0,-72.0
1.0,-48.0,-49.0,-53.0,-55.0,-60.0,-65.0,-64.0,-63.0,-60.0,-58.0,-50.0,-51.0,-48.0,-49.0,-46.0,-52.0
1.0,-53.0,-46.0,-48.0,-46.0,-47.0,-48.0,-47.0,-46.0,-49.0,-47.0,-53.0,-47.0,-47.0,-46.0,-47.0,-53.0
1.0,-68.0,-71.0,-70.0,-68.0,-68.0,-72.0,-68.0,-68.0,-72.0,-70.0,-70.0,-67.0,-69.0,-69.0,-65.0,-68.0
1.0,-118.0,-115.0,-117.0,-115.0,-113.0,-114.0,-113.0,-114.0,-110.0,-112.0,-109.0,-109.0,-112.0,-116.0,-116.0,-110.0
1.0,-57.0,-57.0,-57.0,-57.0,-59.0,-61.0,-57.0,-58.0,-58.0,-55.0,-60.0,-58.0,-54.0,-57.0,-55.0,-58.0
1.0,-140.0,-162.0,-180.0,-198.0,-201.0,-193.0,-196.0,-224.0,-251.0,-263.0,-275.0,-301.0,-317.0,-315.0,-334.0,-350.0
1.0,-112.0,-129.0,-149.0,-171.0,-191.0,-202.0,-212.0,-230.0,-241.0,-250.0,-269.0,-288.0,-283.0,-298.0,-310.0,-310.0
1.0,232.0,211.0,200.0,180.0,153.0,138.0,132.0,115.0,118.0,120.0,119.0,120.0,121.0,120.0,113.0,113.0
1.0,-27.0,-25.0,-24.0,-18.0,-19.0,-16.0,-14.0,-13.0,-9.0,-5.0,-6.0,-4.0,0.0,0.0,3.0,4.0
1.0,-53.0,-52.0,-51.0,-52.0,-52.0,-51.0,-52.0,-48.0,-50.0,-49.0,-49.0,-49.0,-49.0,-47.0,-45.0,-47.0
1.0,-61.0,-58.0,-62.0,-59.0,-59.0,-61.0,-60.0,-57.0,-61.0,-59.0,-61.0,-58.0,-60.0,-58.0,-58.0,-57.0
1.0,-183.0,-195.0,-191.0,-210.0,-224.0,-238.0,-243.0,-240.0,-226.0,-200.0,-172.0,-163.0,-146.0,-124.0,-100.0,-78.0
1.0,-81.0,-86.0,-87.0,-82.0,-83.0,-81.0,-78.0,-76.0,-72.0,-75.0,-78.0,-78.0,-90.0,-100.0,-98.0,-97.0
1.0,-29.0,-31.0,-29.0,-28.0,-32.0,-34.0,-45.0,-50.0,-50.0,-53.0,-56.0,-59.0,-56.0,-56.0,-54.0,-50.0
1.0,-242.0,-240.0,-230.0,-205.0,-175.0,-143.0,-108.0,-90.0,-79.0,-61.0,-58.0,-51.0,-44.0,-41.0,-47.0,-41.0
1.0,-62.0,-59.0,-63.0,-64.0,-61.0,-63.0,-61.0,-61.0,-63.0,-62.0,-63.0,-61.0,-62.0,-63.0,-62.0,-65.0
1.0,-18.0,-19.0,-10.0,-14.0,-9.0,-10.0,-9.0,-6.0,-3.0,-3.0,0.0,1.0,0.0,2.0,4.0,2.0
1.0,-17.0,-19.0,-16.0,-15.0,-19.0,-24.0,-33.0,-34.0,-35.0,-41.0,-42.0,-43.0,-41.0,-37.0,-40.0,-33.0
1.0,-272.0,-245.0,-219.0,-187.0,-172.0,-165.0,-159.0,-150.0,-150.0,-139.0,-143.0,-150.0,-150.0,-141.0,-141.0,-133.0
1.0,-42.0,-46.0,-44.0,-44.0,-44.0,-42.0,-43.0,-38.0,-39.0,-37.0,-41.0,-40.0,-38.0,-35.0,-38.0,-36.0
1.0,38.0,44.0,50.0,56.0,53.0,52.0,56.0,59.0,65.0,60.0,56.0,59.0,61.0,62.0,63.0,60.0
1.0,-302.0,-294.0,-273.0,-246.0,-241.0,-242.0,-239.0,-236.0,-216.0,-182.0,-150.0,-111.0,-84.0,-64.0,-51.0,-41.0
1.0,-37.0,-32.0,-29.0,-26.0,-24.0,-24.0,-16.0,-14.0,-12.0,-8.0,-8.0,-2.0,0.0,0.0,0.0,4.0
1.0,-51.0,-51.0,-53.0,-53.0,-50.0,-49.0,-51.0,-53.0,-52.0,-48.0,-50.0,-42.0,-49.0,-49.0,-47.0,-46.0
1.0,-21.0,-28.0,-28.0,-23.0,-17.0,-19.0,-36.0,-40.0,-34.0,-31.0,-41.0,-40.0,-35.0,-36.0,-44.0,-46.0
1.0,-40.0,-39.0,-38.0,-37.0,-35.0,-31.0,-29.0,-36.0,-32.0,-31.0,-27.0,-22.0,-20.0,-19.0,-23.0,-16.0
1.0,-57.0,-56.0,-60.0,-63.0,-65.0,-64.0,-69.0,-69.0,-71.0,-70.0,-71.0,-68.0,-72.0,-72.0,-72.0,-73.0
1.0,-82.0,-80.0,-85.0,-78.0,-80.0,-79.0,-87.0,-82.0,-81.0,-82.0,-84.0,-86.0,-85.0,-89.0,-88.0,-85.0
1.0,-136.0,-154.0,-168.0,-183.0,-209.0,-205.0,-199.0,-191.0,-173.0,-171.0,-183.0,-188.0,-184.0,-211.0,-263.0,-280.0
1.0,-43.0,-44.0,-42.0,-42.0,-44.0,-43.0,-45.0,-44.0,-46.0,-47.0,-46.0,-44.0,-42.0,-46.0,-43.0,-42.0
1.0,-69.0,-68.0,-67.0,-66.0,-67.0,-66.0,-71.0,-76.0,-79.0,-86.0,-93.0,-99.0,-109.0,-115.0,-128.0,-146.0
1.0,-42.0,-47.0,-52.0,-50.0,-51.0,-48.0,-50.0,-43.0,-44.0,-48.0,-42.0,-46.0,-51.0,-54.0,-52.0,-51.0
1.0,51.0,45.0,40.0,36.0,41.0,46.0,47.0,47.0,44.0,39.0,42.0,39.0,40.0,41.0,33.0,26.0
1.0,-199.0,-194.0,-192.0,-192.0,-185.0,-183.0,-182.0,-183.0,-184.0,-182.0,-192.0,-200.0,-201.0,-200.0,-202.0,-199.0
1.0,-31.0,-29.0,-29.0,-32.0,-34.0,-31.0,-32.0,-33.0,-30.0,-30.0,-35.0,-34.0,-34.0,-36.0,-36.0,-33.0
1.0,-359.0,-348.0,-347.0,-347.0,-346.0,-345.0,-349.0,-350.0,-348.0,-344.0,-341.0,-345.0,-341.0,-338.0,-338.0,-333.0
1.0,13.0,16.0,14.0,15.0,6.0,-8.0,-14.0,-11.0,-5.0,-10.0,-7.0,-12.0,-5.0,-10.0,-9.0,-7.0
1.0,-93.0,-94.0,-96.0,-97.0,-95.0,-103.0,-108.0,-111.0,-117.0,-125.0,-141.0,-158.0,-170.0,-178.0,-194.0,-206.0
1.0,-48.0,-47.0,-46.0,-51.0,-52.0,-56.0,-65.0,-71.0,-72.0,-81.0,-87.0,-100.0,-116.0,-134.0,-147.0,-152.0
1.0,-51.0,-53.0,-56.0,-60.0,-65.0,-67.0,-71.0,-69.0,-68.0,-64.0,-71.0,-70.0,-70.0,-65.0,-69.0,-67.0
1.0,-104.0,-109.0,-99.0,-96.0,-91.0,-100.0,-99.0,-89.0,-93.0,-103.0,-109.0,-114.0,-116.0,-119.0,-115.0,-116.0
1.0,25.0,26.0,24.0,30.0,33.0,29.0,35.0,41.0,45.0,44.0,47.0,46.0,47.0,43.0,42.0,39.0
1.0,-88.0,-87.0,-87.0,-85.0,-87.0,-90.0,-88.0,-87.0,-85.0,-87.0,-86.0,-88.0,-93.0,-88.0,-86.0,-86.0
1.0,-67.0,-66.0,-69.0,-67.0,-70.0,-69.0,-72.0,-70.0,-70.0,-70.0,-70.0,-71.0,-69.0,-67.0,-66.0,-68.0
1.0,-58.0,-65.0,-66.0,-68.0,-67.0,-65.0,-65.0,-62.0,-61.0,-52.0,-47.0,-55.0,-56.0,-58.0,-55.0,-51.0
1.0,-54.0,-63.0,-64.0,-64.0,-64.0,-64.0,-59.0,-58.0,-57.0,-61.0,-66.0,-64.0,-64.0,-64.0,-64.0,-69.0
1.0,-92.0,-89.0,-87.0,-81.0,-78.0,-78.0,-84.0,-86.0,-86.0,-89.0,-87.0,-90.0,-99.0,-98.0,-105.0,-102.0
1.0,-136.0,-111.0,-83.0,-64.0,-48.0,-41.0,-34.0,-28.0,-30.0,-30.0,-34.0,-35.0,-34.0,-37.0,-36.0,-39.0
1.0,-6.0,-9.0,-13.0,-16.0,-19.0,-23.0,-23.0,-23.0,-27.0,-29.0,-28.0,-29.0,-28.0,-30.0,-31.0,-28.0
1.0,-82.0,-82.0,-80.0,-79.0,-78.0,-75.0,-75.0,-73.0,-75.0,-76.0,-76.0,-76.0,-76.0,-78.0,-76.0,-76.0
1.0,-99.0,-98.0,-98.0,-99.0,-100.0,-101.0,-96.0,-99.0,-101.0,-96.0,-99.0,-100.0,-101.0,-99.0,-99.0,-101.0
1.0,26.0,31.0,36.0,38.0,38.0,42.0,39.0,36.0,40.0,39.0,34.0,35.0,28.0,22.0,18.0,11.0
1.0,24.0,25.0,32.0,28.0,32.0,30.0,28.0,26.0,25.0,23.0,22.0,19.0,18.0,17.0,12.0,8.0
1.0,4.0,9.0,15.0,12.0,7.0,4.0,4.0,8.0,10.0,16.0,18.0,20.0,22.0,20.0,25.0,27.0
1.0,-16.0,-19.0,-16.0,-13.0,-13.0,-11.0,-8.0,-7.0,1.0,2.0,0.0,5.0,5.0,10.0,13.0,14.0
1.0,-55.0,-57.0,-58.0,-53.0,-55.0,-56.0,-58.0,-54.0,-58.0,-58.0,-55.0,-58.0,-59.0,-59.0,-61.0,-54.0
1.0,-157.0,-145.0,-119.0,-98.0,-72.0,-41.0,-59.0,-133.0,-178.0,-208.0,-259.0,-279.0,-281.0,-266.0,-273.0,-271.0
1.0,-84.0,-81.0,-86.0,-87.0,-91.0,-96.0,-101.0,-88.0,-87.0,-92.0,-93.0,-95.0,-90.0,-90.0,-93.0,-99.0
1.0,-37.0,-38.0,-35.0,-37.0,-37.0,-33.0,-34.0,-33.0,-34.0,-32.0,-30.0,-30.0,-27.0,-29.0,-25.0,-29.0
1.0,-63.0,-63.0,-64.0,-67.0,-63.0,-69.0,-69.0,-70.0,-72.0,-72.0,-70.0,-61.0,-61.0,-61.0,-64.0,-59.0
1.0,-56.0,-57.0,-55.0,-56.0,-57.0,-55.0,-60.0,-63.0,-70.0,-74.0,-81.0,-92.0,-98.0,-108.0,-121.0,-133.0
1.0,-121.0,-131.0,-142.0,-152.0,-170.0,-188.0,-204.0,-224.0,-219.0,-216.0,-228.0,-236.0,-244.0,-259.0,-272.0,-271.0
1.0,-54.0,-52.0,-48.0,-44.0,-49.0,-42.0,-44.0,-48.0,-51.0,-49.0,-44.0,-42.0,-45.0,-51.0,-52.0,-55.0
1.0,-41.0,-39.0,-40.0,-40.0,-41.0,-41.0,-37.0,-35.0,-32.0,-37.0,-33.0,-37.0,-50.0,-51.0,-54.0,-57.0
1.0,-20.0,-22.0,-19.0,-24.0,-22.0,-22.0,-21.0,-24.0,-27.0,-26.0,-28.0,-27.0,-26.0,-28.0,-31.0,-31.0
1.0,-115.0,-135.0,-148.0,-165.0,-176.0,-174.0,-169.0,-180.0,-198.0,-201.0,-203.0,-214.0,-231.0,-239.0,-251.0,-260.0
1.0,20.0,22.0,22.0,17.0,18.0,14.0,9.0,8.0,7.0,4.0,3.0,0.0,-6.0,-7.0,-10.0,-16.0
1.0,-58.0,-59.0,-66.0,-62.0,-60.0,-64.0,-60.0,-62.0,-71.0,-70.0,-64.0,-66.0,-73.0,-62.0,-68.0,-72.0
1.0,-85.0,-92.0,-96.0,-105.0,-113.0,-122.0,-137.0,-153.0,-168.0,-182.0,-181.0,-188.0,-199.0,-200.0,-201.0,-221.0
1.0,-38.0,-36.0,-36.0,-36.0,-40.0,-41.0,-43.0,-40.0,-47.0,-45.0,-56.0,-56.0,-58.0,-62.0,-65.0,-64.0
1.0,-55.0,-55.0,-57.0,-60.0,-60.0,-62.0,-59.0,-58.0,-57.0,-57.0,-50.0,-51.0,-51.0,-51.0,-58.0,-68.0
1.0,-42.0,-43.0,-48.0,-54.0,-44.0,-40.0,-35.0,-37.0,-31.0,-35.0,-32.0,-27.0,-12.0,-12.0,-16.0,-15.0
1.0,-58.0,-57.0,-59.0,-61.0,-58.0,-56.0,-58.0,-60.0,-57.0,-56.0,-54.0,-58.0,-61.0,-57.0,-59.0,-61.0
1.0,-229.0,-239.0,-262.0,-294.0,-320.0,-347.0,-309.0,-274.0,-227.0,-197.0,-194.0,-192.0,-167.0,-133.0,-108.0,-73.0
1.0,-29.0,-29.0,-31.0,-28.0,-30.0,-29.0,-24.0,-23.0,-21.0,-20.0,-18.0,-20.0,-22.0,-15.0,-18.0,-14.0
1.0,-50.0,-51.0,-53.0,-48.0,-51.0,-54.0,-53.0,-52.0,-54.0,-54.0,-52.0,-54.0,-56.0,-55.0,-57.0,-55.0
1.0,-232.0,-206.0,-168.0,-154.0,-152.0,-133.0,-104.0,-73.0,-55.0,-48.0,-36.0,-31.0,-30.0,-31.0,-31.0,-32.0
1.0,-244.0,-237.0,-219.0,-189.0,-149.0,-119.0,-87.0,-76.0,-67.0,-56.0,-51.0,-43.0,-39.0,-36.0,-36.0,-35.0
1.0,-142.0,-142.0,-151.0,-153.0,-157.0,-166.0,-166.0,-170.0,-176.0,-180.0,-180.0,-183.0,-188.0,-186.0,-191.0,-189.0
1.0,-74.0,-77.0,-78.0,-75.0,-75.0,-71.0,-68.0,-69.0,-79.0,-83.0,-78.0,-72.0,-72.0,-66.0,-65.0,-73.0
1.0,-12.0,-12.0,-14.0,-21.0,-24.0,-27.0,-33.0,-36.0,-33.0,-39.0,-37.0,-38.0,-40.0,-43.0,-43.0,-43.0
1.0,-8.0,-5.0,-7.0,-9.0,4.0,10.0,14.0,18.0,5.0,-5.0,0.0,8.0,9.0,9.0,4.0,3.0
1.0,-99.0,-99.0,-99.0,-100.0,-100.0,-101.0,-102.0,-103.0,-101.0,-104.0,-101.0,-97.0,-98.0,-105.0,-104.0,-111.0
1.0,-41.0,-55.0,-42.0,-34.0,-33.0,-35.0,-43.0,-49.0,-55.0,-61.0,-60.0,-63.0,-64.0,-67.0,-76.0,-72.0
1.0,10.0,8.0,8.0,15.0,12.0,15.0,14.0,10.0,14.0,11.0,10.0,12.0,9.0,5.0,2.0,2.0
1.0,-44.0,-37.0,-35.0,-37.0,-34.0,-40.0,-44.0,-51.0,-62.0,-63.0,-64.0,-61.0,-59.0,-58.0,-59.0,-60.0
1.0,-193.0,-181.0,-167.0,-164.0,-165.0,-159.0,-191.0,-247.0,-274.0,-284.0,-308.0,-313.0,-300.0,-276.0,-268.0,-268.0
1.0,-37.0,-41.0,-41.0,-46.0,-56.0,-63.0,-62.0,-65.0,-64.0,-63.0,-59.0,-62.0,-64.0,-58.0,-60.0,-62.0
1.0,-49.0,-49.0,-52.0,-52.0,-50.0,-51.0,-50.0,-49.0,-52.0,-55.0,-53.0,-54.0,-54.0,-53.0,-45.0,-44.0
1.0,-58.0,-63.0,-62.0,-65.0,-70.0,-72.0,-68.0,-72.0,-70.0,-68.0,-66.0,-60.0,-61.0,-63.0,-61.0,-67.0
1.0,-64.0,-69.0,-67.0,-61.0,-65.0,-64.0,-62.0,-62.0,-58.0,-58.0,-54.0,-58.0,-51.0,-52.0,-52.0,-49.0
1.0,-73.0,-80.0,-86.0,-95.0,-103.0,-115.0,-135.0,-147.0,-162.0,-168.0,-181.0,-200.0,-197.0,-183.0,-170.0,-159.0
1.0,-151.0,-157.0,-152.0,-148.0,-161.0,-176.0,-180.0,-183.0,-188.0,-201.0,-198.0,-220.0,-251.0,-258.0,-263.0,-248.0
1.0,-44.0,-37.0,-31.0,-36.0,-39.0,-39.0,-37.0,-40.0,-36.0,-34.0,-37.0,-32.0,-31.0,-29.0,-28.0,-31.0
1.0,-233.0,-200.0,-176.0,-167.0,-144.0,-118.0,-89.0,-60.0,-47.0,-34.0,-27.0,-26.0,-24.0,-25.0,-18.0,-27.0
1.0,-6.0,-7.0,-1.0,-1.0,4.0,4.0,5.0,7.0,7.0,12.0,6.0,11.0,7.0,6.0,1.0,0.0
1.0,38.0,42.0,39.0,37.0,29.0,19.0,19.0,20.0,18.0,20.0,13.0,19.0,22.0,19.0,26.0,27.0
1.0,-192.0,-194.0,-205.0,-234.0,-249.0,-254.0,-246.0,-221.0,-183.0,-174.0,-170.0,-156.0,-139.0,-124.0,-108.0,-95.0
1.0,-71.0,-73.0,-68.0,-69.0,-70.0,-74.0,-70.0,-74.0,-73.0,-72.0,-73.0,-72.0,-69.0,-69.0,-74.0,-72.0
1.0,-64.0,-67.0,-66.0,-64.0,-65.0,-63.0,-64.0,-59.0,-60.0,-65.0,-66.0,-63.0,-64.0,-65.0,-66.0,-63.0
1.0,-42.0,-41.0,-41.0,-45.0,-42.0,-43.0,-40.0,-44.0,-43.0,-44.0,-46.0,-44.0,-43.0,-44.0,-44.0,-45.0
1.0,-26.0,-20.0,-17.0,-17.0,-10.0,-8.0,-7.0,-2.0,1.0,5.0,8.0,14.0,12.0,19.0,23.0,24.0
1.0,-7.0,-13.0,-16.0,-18.0,-25.0,-26.0,-32.0,-31.0,-40.0,-41.0,-42.0,-46.0,-48.0,-48.0,-52.0,-56.0
1.0,-185.0,-163.0,-139.0,-112.0,-91.0,-78.0,-69.0,-68.0,-70.0,-68.0,-66.0,-65.0,-65.0,-64.0,-66.0,-67.0
1.0,-276.0,-291.0,-289.0,-309.0,-333.0,-338.0,-338.0,-326.0,-309.0,-279.0,-259.0,-251.0,-236.0,-213.0,-191.0,-161.0
1.0,-194.0,-189.0,-190.0,-210.0,-230.0,-230.0,-235.0,-259.0,-269.0,-271.0,-293.0,-315.0,-317.0,-305.0,-291.0,-263.0
1.0,-76.0,-72.0,-74.0,-73.0,-75.0,-72.0,-66.0,-71.0,-73.0,-74.0,-70.0,-70.0,-71.0,-71.0,-69.0,-70.0
1.0,-28.0,-28.0,-24.0,-24.0,-31.0,-27.0,-27.0,-30.0,-29.0,-30.0,-26.0,-25.0,-24.0,-22.0,-25.0,-25.0
1.0,-105.0,-100.0,-93.0,-91.0,-97.0,-99.0,-94.0,-88.0,-89.0,-99.0,-102.0,-90.0,-93.0,-94.0,-100.0,-106.0
1.0,-104.0,-102.0,-113.0,-122.0,-128.0,-149.0,-159.0,-168.0,-172.0,-170.0,-162.0,-171.0,-185.0,-184.0,-192.0,-208.0
1.0,-18.0,-14.0,-14.0,-18.0,-16.0,-14.0,-16.0,-16.0,-15.0,-15.0,-16.0,-16.0,-18.0,-17.0,-17.0,-19.0
1.0,-89.0,-87.0,-84.0,-84.0,-84.0,-87.0,-86.0,-85.0,-89.0,-85.0,-83.0,-87.0,-84.0,-83.0,-88.0,-89.0
1.0,-75.0,-75.0,-83.0,-89.0,-91.0,-99.0,-115.0,-129.0,-140.0,-158.0,-168.0,-181.0,-200.0,-203.0,-189.0,-183.0
1.0,-116.0,-117.0,-116.0,-117.0,-118.0,-118.0,-117.0,-118.0,-114.0,-115.0,-117.0,-119.0,-116.0,-116.0,-114.0,-117.0
1.0,37.0,33.0,33.0,33.0,31.0,29.0,30.0,21.0,18.0,17.0,14.0,11.0,11.0,6.0,0.0,-2.0
1.0,-38.0,-42.0,-40.0,-36.0,-35.0,-34.0,-34.0,-29.0,-37.0,-39.0,-38.0,-40.0,-35.0,-37.0,-39.0,-44.0
1.0,-35.0,-35.0,-37.0,-39.0,-36.0,-39.0,-35.0,-34.0,-32.0,-33.0,-35.0,-30.0,-29.0,-29.0,-27.0,-22.0
1.0,-64.0,-67.0,-67.0,-68.0,-66.0,-63.0,-66.0,-63.0,-60.0,-54.0,-49.0,-46.0,-51.0,-50.0,-48.0,-53.0
1.0,-45.0,-44.0,-40.0,-45.0,-41.0,-40.0,-44.0,-44.0,-43.0,-46.0,-43.0,-43.0,-45.0,-44.0,-46.0,-46.0
1.0,-80.0,-77.0,-78.0,-79.0,-81.0,-79.0,-82.0,-87.0,-94.0,-101.0,-104.0,-116.0,-127.0,-130.0,-139.0,-154.0
1.0,169.0,171.0,172.0,172.0,176.0,174.0,177.0,174.0,173.0,177.0,178.0,172.0,170.0,173.0,167.0,172.0
1.0,-45.0,-43.0,-44.0,-43.0,-44.0,-44.0,-44.0,-44.0,-41.0,-43.0,-41.0,-42.0,-45.0,-40.0,-39.0,-43.0
1.0,-170.0,-167.0,-159.0,-151.0,-151.0,-159.0,-170.0,-169.0,-160.0,-162.0,-165.0,-169.0,-176.0,-172.0,-160.0,-160.0
1.0,-84.0,-78.0,-75.0,-79.0,-82.0,-78.0,-80.0,-77.0,-74.0,-69.0,-72.0,-71.0,-71.0,-70.0,-67.0,-64.0
1.0,-90.0,-96.0,-97.0,-106.0,-112.0,-117.0,-120.0,-134.0,-146.0,-153.0,-163.0,-183.0,-192.0,-202.0,-209.0,-198.0
1.0,-28.0,-25.0,-29.0,-32.0,-35.0,-46.0,-48.0,-48.0,-48.0,-48.0,-33.0,-27.0,-15.0,-13.0,-11.0,-13.0
1.0,-23.0,-23.0,-22.0,-22.0,-20.0,-22.0,-22.0,-23.0,-30.0,-35.0,-35.0,-38.0,-40.0,-36.0,-40.0,-36.0
1.0,-34.0,-34.0,-36.0,-34.0,-34.0,-34.0,-34.0,-35.0,-37.0,-37.0,-39.0,-39.0,-44.0,-48.0,-55.0,-53.0
1.0,-62.0,-62.0,-64.0,-64.0,-64.0,-64.0,-67.0,-65.0,-63.0,-64.0,-69.0,-67.0,-67.0,-67.0,-68.0,-68.0
1.0,-62.0,-59.0,-57.0,-56.0,-61.0,-64.0,-74.0,-80.0,-83.0,-81.0,-77.0,-73.0,-76.0,-77.0,-75.0,-77.0
1.0,-1.0,-4.0,0.0,0.0,-3.0,-4.0,-4.0,-1.0,-4.0,-1.0,4.0,-2.0,6.0,5.0,8.0,7.0
1.0,20.0,25.0,25.0,29.0,27.0,28.0,27.0,24.0,29.0,28.0,24.0,22.0,19.0,12.0,12.0,8.0
1.0,-60.0,-64.0,-61.0,-70.0,-78.0,-85.0,-80.0,-77.0,-78.0,-78.0,-81.0,-78.0,-79.0,-77.0,-81.0,-77.0
1.0,38.0,40.0,37.0,33.0,36.0,31.0,27.0,27.0,24.0,20.0,16.0,14.0,12.0,9.0,5.0,1.0
1.0,-49.0,-51.0,-53.0,-53.0,-56.0,-58.0,-64.0,-69.0,-73.0,-80.0,-83.0,-109.0,-125.0,-140.0,-154.0,-150.0
1.0,-42.0,-46.0,-43.0,-48.0,-45.0,-47.0,-48.0,-52.0,-47.0,-48.0,-48.0,-49.0,-50.0,-53.0,-50.0,-52.0
1.0,4.0,4.0,2.0,1.0,-2.0,-1.0,-4.0,-9.0,-9.0,-17.0,-19.0,-20.0,-27.0,-30.0,-29.0,-34.0
1.0,-48.0,-48.0,-52.0,-59.0,-62.0,-66.0,-70.0,-80.0,-89.0,-104.0,-114.0,-129.0,-141.0,-156.0,-158.0,-140.0
1.0,25.0,20.0,15.0,10.0,4.0,-3.0,-11.0,-21.0,-32.0,-39.0,-47.0,-54.0,-56.0,-63.0,-71.0,-75.0
1.0,4.0,6.0,3.0,1.0,2.0,2.0,7.0,8.0,4.0,3.0,0.0,-3.0,0.0,0.0,9.0,8.0
1.0,-46.0,-45.0,-44.0,-42.0,-44.0,-41.0,-43.0,-40.0,-40.0,-39.0,-38.0,-33.0,-31.0,-28.0,-25.0,-24.0
1.0,-22.0,-27.0,-32.0,-32.0,-35.0,-40.0,-42.0,-46.0,-45.0,-49.0,-49.0,-47.0,-53.0,-53.0,-54.0,-56.0
1.0,-24.0,-30.0,-33.0,-32.0,-38.0,-40.0,-48.0,-40.0,-47.0,-51.0,-48.0,-52.0,-51.0,-53.0,-53.0,-53.0
1.0,-39.0,-42.0,-45.0,-61.0,-59.0,-62.0,-58.0,-59.0,-61.0,-60.0,-58.0,-54.0,-60.0,-61.0,-60.0,-56.0
1.0,-57.0,-60.0,-62.0,-61.0,-57.0,-62.0,-67.0,-71.0,-74.0,-76.0,-76.0,-77.0,-76.0,-76.0,-79.0,-71.0
1.0,-168.0,-190.0,-194.0,-214.0,-226.0,-225.0,-227.0,-235.0,-244.0,-245.0,-249.0,-253.0,-264.0,-291.0,-307.0,-314.0
1.0,-52.0,-48.0,-47.0,-46.0,-46.0,-42.0,-42.0,-43.0,-40.0,-38.0,-39.0,-40.0,-35.0,-36.0,-36.0,-28.0
1.0,-42.0,-40.0,-42.0,-41.0,-43.0,-43.0,-42.0,-41.0,-40.0,-43.0,-41.0,-43.0,-45.0,-40.0,-42.0,-42.0
1.0,-19.0,-19.0,-16.0,-13.0,-8.0,-6.0,-3.0,-1.0,0.0,4.0,10.0,9.0,9.0,16.0,15.0,17.0
1.0,-95.0,-111.0,-145.0,-168.0,-196.0,-220.0,-254.0,-276.0,-291.0,-330.0,-361.0,-386.0,-438.0,-476.0,-479.0,-447.0
1.0,-95.0,-96.0,-91.0,-93.0,-90.0,-87.0,-88.0,-89.0,-90.0,-92.0,-91.0,-94.0,-91.0,-88.0,-88.0,-88.0
1.0,36.0,31.0,27.0,21.0,19.0,12.0,9.0,5.0,0.0,-4.0,-9.0,-13.0,-16.0,-15.0,-20.0,-25.0
1.0,-54.0,-57.0,-57.0,-56.0,-60.0,-60.0,-56.0,-51.0,-51.0,-48.0,-50.0,-47.0,-48.0,-59.0,-64.0,-69.0
1.0,-72.0,-71.0,-75.0,-78.0,-77.0,-77.0,-73.0,-72.0,-68.0,-64.0,-70.0,-70.0,-73.0,-78.0,-86.0,-88.0
1.0,-48.0,-52.0,-52.0,-54.0,-68.0,-70.0,-72.0,-66.0,-64.0,-67.0,-64.0,-66.0,-69.0,-68.0,-64.0,-71.0
1.0,-61.0,-59.0,-60.0,-62.0,-61.0,-58.0,-59.0,-59.0,-58.0,-58.0,-61.0,-64.0,-62.0,-61.0,-60.0,-57.0
1.0,-35.0,-34.0,-35.0,-32.0,-33.0,-31.0,-29.0,-27.0,-26.0,-26.0,-27.0,-20.0,-23.0,-16.0,-22.0,-20.0
1.0,-54.0,-53.0,-52.0,-48.0,-52.0,-58.0,-56.0,-55.0,-52.0,-48.0,-45.0,-45.0,-51.0,-52.0,-53.0,-52.0
1.0,-33.0,-30.0,-28.0,-34.0,-39.0,-47.0,-47.0,-51.0,-48.0,-50.0,-47.0,-48.0,-55.0,-54.0,-50.0,-48.0
1.0,-179.0,-201.0,-205.0,-217.0,-229.0,-242.0,-252.0,-250.0,-236.0,-226.0,-202.0,-186.0,-185.0,-192.0,-189.0,-174.0
1.0,-54.0,-54.0,-48.0,-55.0,-55.0,-55.0,-58.0,-60.0,-61.0,-55.0,-53.0,-51.0,-55.0,-58.0,-64.0,-67.0
1.0,-45.0,-42.0,-42.0,-40.0,-42.0,-43.0,-40.0,-42.0,-43.0,-40.0,-47.0,-45.0,-42.0,-44.0,-45.0,-43.0
1.0,-64.0,-61.0,-64.0,-61.0,-63.0,-63.0,-61.0,-60.0,-64.0,-61.0,-60.0,-59.0,-56.0,-61.0,-60.0,-61.0
1.0,-55.0,-50.0,-53.0,-53.0,-54.0,-56.0,-55.0,-52.0,-54.0,-59.0,-64.0,-73.0,-82.0,-95.0,-106.0,-118.0
1.0,-73.0,-71.0,-72.0,-75.0,-74.0,-71.0,-70.0,-70.0,-73.0,-70.0,-75.0,-70.0,-69.0,-73.0,-69.0,-74.0
1.0,-106.0,-109.0,-107.0,-110.0,-109.0,-107.0,-104.0,-107.0,-107.0,-108.0,-110.0,-107.0,-100.0,-104.0,-105.0,-106.0
1.0,-66.0,-63.0,-64.0,-68.0,-65.0,-68.0,-61.0,-66.0,-62.0,-65.0,-65.0,-64.0,-67.0,-68.0,-64.0,-68.0
1.0,-7.0,-15.0,-20.0,-14.0,-16.0,-19.0,-26.0,-28.0,-36.0,-38.0,-46.0,-46.0,-43.0,-42.0,-48.0,-50.0
1.0,1.0,1.0,0.0,0.0,6.0,2.0,4.0,6.0,6.0,11.0,10.0,6.0,7.0,3.0,2.0,4.0
1.0,-314.0,-279.0,-236.0,-187.0,-168.0,-156.0,-131.0,-103.0,-79.0,-58.0,-39.0,-25.0,-19.0,-19.0,-15.0,-14.0
1.0,-56.0,-62.0,-63.0,-66.0,-67.0,-64.0,-70.0,-68.0,-71.0,-70.0,-74.0,-71.0,-73.0,-70.0,-72.0,-74.0
1.0,-49.0,-49.0,-51.0,-53.0,-51.0,-55.0,-53.0,-54.0,-57.0,-57.0,-54.0,-59.0,-59.0,-55.0,-57.0,-58.0
1.0,-58.0,-56.0,-48.0,-47.0,-48.0,-41.0,-41.0,-39.0,-31.0,-29.0,-23.0,-18.0,-11.0,-8.0,0.0,9.0
1.0,-64.0,-67.0,-62.0,-69.0,-67.0,-75.0,-77.0,-71.0,-74.0,-80.0,-72.0,-66.0,-65.0,-65.0,-66.0,-68.0
1.0,-28.0,-26.0,-28.0,-31.0,-32.0,-26.0,-29.0,-30.0,-27.0,-31.0,-30.0,-32.0,-31.0,-30.0,-32.0,-27.0
1.0,-57.0,-60.0,-64.0,-66.0,-66.0,-62.0,-63.0,-68.0,-74.0,-77.0,-84.0,-93.0,-104.0,-112.0,-127.0,-139.0
1.0,-61.0,-65.0,-64.0,-66.0,-75.0,-77.0,-84.0,-90.0,-104.0,-115.0,-124.0,-140.0,-157.0,-166.0,-176.0,-178.0
1.0,-90.0,-93.0,-103.0,-107.0,-128.0,-141.0,-159.0,-165.0,-159.0,-163.0,-185.0,-207.0,-210.0,-220.0,-238.0,-242.0
1.0,-82.0,-89.0,-99.0,-113.0,-122.0,-141.0,-159.0,-182.0,-199.0,-199.0,-208.0,-212.0,-219.0,-221.0,-238.0,-256.0
1.0,-271.0,-296.0,-312.0,-307.0,-295.0,-292.0,-292.0,-293.0,-294.0,-281.0,-251.0,-214.0,-185.0,-148.0,-128.0,-113.0
1.0,14.0,19.0,30.0,24.0,21.0,18.0,21.0,23.0,25.0,27.0,25.0,22.0,17.0,10.0,8.0,11.0
1.0,-47.0,-48.0,-49.0,-47.0,-49.0,-47.0,-47.0,-49.0,-47.0,-46.0,-46.0,-50.0,-47.0,-47.0,-47.0,-49.0
1.0,-43.0,-40.0,-39.0,-38.0,-42.0,-41.0,-42.0,-40.0,-43.0,-41.0,-47.0,-44.0,-50.0,-54.0,-57.0,-60.0
1.0,-22.0,-22.0,-21.0,-17.0,-20.0,-19.0,-19.0,-21.0,-20.0,-18.0,-19.0,-20.0,-17.0,-15.0,-16.0,-18.0
1.0,-19.0,-19.0,-19.0,-25.0,-23.0,-29.0,-32.0,-34.0,-29.0,-32.0,-34.0,-26.0,-26.0,-21.0,-25.0,-26.0
1.0,-264.0,-254.0,-256.0,-248.0,-250.0,-301.0,-363.0,-415.0,-438.0,-451.0,-445.0,-420.0,-392.0,-391.0,-385.0,-358.0
1.0,0.0,6.0,6.0,0.0,-3.0,-7.0,-3.0,-5.0,-12.0,-15.0,-17.0,-21.0,-18.0,-15.0,-14.0,-13.0
1.0,-1.0,0.0,-3.0,-3.0,0.0,2.0,-3.0,-2.0,0.0,-2.0,0.0,-1.0,-3.0,-4.0,-2.0,0.0
1.0,-78.0,-76.0,-82.0,-76.0,-78.0,-79.0,-79.0,-81.0,-76.0,-79.0,-82.0,-76.0,-76.0,-77.0,-76.0,-76.0
1.0,-71.0,-74.0,-68.0,-71.0,-70.0,-71.0,-67.0,-71.0,-71.0,-70.0,-70.0,-68.0,-68.0,-69.0,-69.0,-67.0
1.0,-37.0,-37.0,-36.0,-40.0,-40.0,-39.0,-43.0,-41.0,-44.0,-41.0,-44.0,-43.0,-41.0,-40.0,-41.0,-44.0
1.0,-63.0,-59.0,-64.0,-61.0,-60.0,-58.0,-58.0,-56.0,-52.0,-53.0,-48.0,-43.0,-37.0,-33.0,-31.0,-24.0
1.0,-19.0,-24.0,-28.0,-25.0,-22.0,-26.0,-32.0,-42.0,-53.0,-49.0,-44.0,-47.0,-50.0,-47.0,-54.0,-52.0
1.0,-80.0,-82.0,-83.0,-89.0,-86.0,-85.0,-84.0,-79.0,-77.0,-76.0,-73.0,-77.0,-75.0,-80.0,-88.0,-95.0
1.0,-182.0,-166.0,-141.0,-110.0,-81.0,-54.0,-38.0,-20.0,-8.0,-8.0,-12.0,-7.0,-10.0,-13.0,-6.0,-9.0
1.0,-18.0,-24.0,-28.0,-34.0,-36.0,-41.0,-40.0,-46.0,-46.0,-47.0,-49.0,-50.0,-50.0,-52.0,-53.0,-52.0
1.0,-29.0,-28.0,-30.0,-23.0,-23.0,-21.0,-16.0,-12.0,-8.0,-5.0,-2.0,-1.0,1.0,8.0,13.0,13.0
1.0,-45.0,-42.0,-44.0,-47.0,-45.0,-42.0,-46.0,-50.0,-53.0,-59.0,-64.0,-60.0,-56.0,-53.0,-58.0,-61.0
1.0,-8.0,-7.0,-9.0,-5.0,-6.0,-1.0,0.0,9.0,14.0,9.0,15.0,15.0,14.0,23.0,24.0,21.0
1.0,-112.0,-121.0,-137.0,-156.0,-167.0,-180.0,-181.0,-169.0,-182.0,-211.0,-223.0,-225.0,-242.0,-266.0,-271.0,-279.0
1.0,143.0,141.0,137.0,139.0,132.0,132.0,130.0,128.0,127.0,126.0,118.0,118.0,117.0,111.0,109.0,108.0
1.0,-97.0,-98.0,-104.0,-108.0,-113.0,-121.0,-132.0,-140.0,-155.0,-169.0,-186.0,-203.0,-220.0,-231.0,-251.0,-266.0
1.0,-37.0,-39.0,-40.0,-41.0,-44.0,-55.0,-64.0,-63.0,-59.0,-59.0,-59.0,-58.0,-57.0,-57.0,-55.0,-61.0
1.0,-1.0,5.0,3.0,8.0,11.0,17.0,13.0,19.0,21.0,20.0,25.0,22.0,21.0,23.0,19.0,22.0
1.0,-243.0,-251.0,-264.0,-279.0,-288.0,-286.0,-269.0,-254.0,-231.0,-201.0,-189.0,-175.0,-152.0,-130.0,-100.0,-82.0
1.0,-205.0,-180.0,-154.0,-134.0,-116.0,-102.0,-94.0,-88.0,-89.0,-86.0,-87.0,-91.0,-94.0,-92.0,-93.0,-91.0
1.0,-46.0,-47.0,-43.0,-38.0,-35.0,-35.0,-34.0,-32.0,-33.0,-32.0,-34.0,-30.0,-29.0,-29.0,-32.0,-32.0
1.0,-127.0,-114.0,-114.0,-117.0,-122.0,-127.0,-132.0,-136.0,-139.0,-143.0,-148.0,-151.0,-147.0,-147.0,-139.0,-133.0
1.0,-28.0,-33.0,-38.0,-46.0,-49.0,-62.0,-81.0,-94.0,-108.0,-115.0,-100.0,-105.0,-132.0,-150.0,-158.0,-179.0
1.0,-313.0,-318.0,-313.0,-302.0,-291.0,-263.0,-231.0,-211.0,-196.0,-163.0,-132.0,-104.0,-88.0,-71.0,-56.0,-47.0
1.0,-55.0,-51.0,-58.0,-68.0,-75.0,-73.0,-71.0,-74.0,-71.0,-68.0,-70.0,-66.0,-71.0,-69.0,-70.0,-72.0
1.0,-29.0,-32.0,-33.0,-40.0,-39.0,-42.0,-50.0,-47.0,-49.0,-48.0,-49.0,-52.0,-56.0,-53.0,-55.0,-55.0
1.0,-60.0,-66.0,-61.0,-64.0,-63.0,-61.0,-64.0,-60.0,-64.0,-66.0,-71.0,-72.0,-77.0,-80.0,-92.0,-101.0
1.0,-76.0,-80.0,-81.0,-87.0,-94.0,-100.0,-108.0,-123.0,-138.0,-153.0,-167.0,-168.0,-165.0,-179.0,-200.0,-213.0
1.0,-83.0,-82.0,-82.0,-77.0,-79.0,-78.0,-80.0,-79.0,-79.0,-90.0,-91.0,-93.0,-96.0,-103.0,-113.0,-124.0
1.0,-43.0,-40.0,-37.0,-30.0,-32.0,-28.0,-33.0,-41.0,-37.0,-39.0,-34.0,-39.0,-45.0,-46.0,-54.0,-50.0
1.0,-56.0,-64.0,-70.0,-75.0,-90.0,-105.0,-114.0,-125.0,-119.0,-113.0,-123.0,-138.0,-138.0,-135.0,-160.0,-184.0
1.0,-39.0,-41.0,-39.0,-39.0,-39.0,-34.0,-33.0,-35.0,-34.0,-33.0,-38.0,-35.0,-34.0,-32.0,-31.0,-31.0
1.0,-43.0,-45.0,-54.0,-57.0,-62.0,-64.0,-64.0,-67.0,-67.0,-66.0,-62.0,-60.0,-57.0,-50.0,-53.0,-53.0
1.0,-71.0,-69.0,-69.0,-69.0,-67.0,-68.0,-68.0,-66.0,-68.0,-69.0,-66.0,-68.0,-66.0,-70.0,-73.0,-75.0
1.0,-92.0,-92.0,-86.0,-86.0,-92.0,-85.0,-87.0,-96.0,-97.0,-94.0,-87.0,-83.0,-73.0,-70.0,-77.0,-83.0
1.0,21.0,17.0,15.0,12.0,13.0,9.0,7.0,2.0,0.0,-9.0,-11.0,-14.0,-16.0,-20.0,-27.0,-28.0
1.0,-160.0,-147.0,-156.0,-186.0,-208.0,-214.0,-225.0,-248.0,-251.0,-258.0,-274.0,-280.0,-291.0,-284.0,-269.0,-242.0
1.0,-87.0,-92.0,-95.0,-104.0,-113.0,-130.0,-152.0,-167.0,-176.0,-171.0,-169.0,-184.0,-199.0,-215.0,-227.0,-230.0
1.0,-44.0,-43.0,-40.0,-43.0,-38.0,-40.0,-38.0,-41.0,-46.0,-42.0,-40.0,-32.0,-34.0,-36.0,-36.0,-35.0
1.0,-74.0,-72.0,-70.0,-69.0,-80.0,-96.0,-97.0,-99.0,-95.0,-92.0,-94.0,-92.0,-95.0,-91.0,-90.0,-95.0
1.0,-5.0,0.0,0.0,1.0,-3.0,-3.0,3.0,1.0,-1.0,-3.0,0.0,-3.0,0.0,0.0,0.0,0.0
1.0,-76.0,-79.0,-74.0,-75.0,-77.0,-74.0,-69.0,-77.0,-78.0,-82.0,-89.0,-94.0,-102.0,-121.0,-133.0,-153.0
1.0,-57.0,-55.0,-55.0,-58.0,-53.0,-58.0,-57.0,-57.0,-59.0,-63.0,-65.0,-65.0,-70.0,-77.0,-77.0,-84.0
1.0,-28.0,-24.0,-22.0,-24.0,-23.0,-24.0,-26.0,-25.0,-22.0,-18.0,-14.0,-14.0,-18.0,-23.0,-23.0,-21.0
1.0,-75.0,-77.0,-76.0,-78.0,-74.0,-82.0,-90.0,-94.0,-94.0,-96.0,-97.0,-97.0,-100.0,-97.0,-92.0,-94.0
1.0,-122.0,-128.0,-142.0,-130.0,-105.0,-86.0,-64.0,-37.0,-19.0,-3.0,0.0,7.0,9.0,7.0,11.0,11.0
1.0,-64.0,-59.0,-56.0,-53.0,-52.0,-54.0,-57.0,-58.0,-52.0,-50.0,-46.0,-44.0,-48.0,-50.0,-52.0,-55.0
1.0,-12.0,-7.0,-6.0,-6.0,-4.0,-3.0,-2.0,-2.0,2.0,3.0,3.0,5.0,8.0,9.0,10.0,11.0
1.0,-177.0,-179.0,-195.0,-211.0,-187.0,-163.0,-170.0,-184.0,-197.0,-195.0,-206.0,-217.0,-230.0,-247.0,-259.0,-271.0
1.0,-70.0,-74.0,-77.0,-77.0,-80.0,-79.0,-72.0,-72.0,-73.0,-76.0,-73.0,-74.0,-79.0,-82.0,-75.0,-75.0
1.0,-70.0,-67.0,-66.0,-64.0,-63.0,-69.0,-63.0,-62.0,-60.0,-62.0,-61.0,-56.0,-56.0,-53.0,-48.0,-50.0
1.0,-57.0,-60.0,-58.0,-61.0,-58.0,-59.0,-61.0,-63.0,-61.0,-59.0,-63.0,-62.0,-66.0,-63.0,-68.0,-67.0
1.0,-58.0,-51.0,-49.0,-47.0,-52.0,-64.0,-61.0,-55.0,-46.0,-42.0,-40.0,-46.0,-48.0,-49.0,-49.0,-47.0
1.0,-54.0,-59.0,-61.0,-59.0,-55.0,-56.0,-57.0,-62.0,-68.0,-68.0,-71.0,-74.0,-75.0,-76.0,-74.0,-74.0
1.0,-49.0,-53.0,-50.0,-51.0,-48.0,-46.0,-47.0,-44.0,-47.0,-46.0,-44.0,-44.0,-47.0,-44.0,-42.0,-43.0
1.0,-53.0,-57.0,-52.0,-51.0,-51.0,-52.0,-51.0,-50.0,-50.0,-52.0,-50.0,-55.0,-49.0,-54.0,-49.0,-51.0
1.0,-39.0,-48.0,-47.0,-48.0,-48.0,-54.0,-56.0,-58.0,-64.0,-64.0,-67.0,-69.0,-75.0,-70.0,-69.0,-68.0
1.0,10.0,8.0,5.0,3.0,0.0,-3.0,-6.0,-6.0,-10.0,-10.0,-11.0,-14.0,-17.0,-21.0,-21.0,-25.0
1.0,-45.0,-47.0,-56.0,-58.0,-63.0,-63.0,-68.0,-74.0,-76.0,-76.0,-80.0,-85.0,-86.0,-87.0,-86.0,-87.0
1.0,-49.0,-48.0,-48.0,-56.0,-56.0,-64.0,-63.0,-60.0,-64.0,-63.0,-64.0,-61.0,-65.0,-68.0,-68.0,-66.0
1.0,-36.0,-36.0,-37.0,-36.0,-39.0,-39.0,-36.0,-37.0,-37.0,-35.0,-40.0,-40.0,-38.0,-38.0,-39.0,-45.0
1.0,-63.0,-60.0,-58.0,-60.0,-62.0,-62.0,-64.0,-65.0,-59.0,-59.0,-57.0,-61.0,-62.0,-63.0,-59.0,-60.0
1.0,6.0,3.0,-2.0,-4.0,0.0,-6.0,-12.0,-11.0,-13.0,-12.0,-19.0,-17.0,-24.0,-22.0,-31.0,-33.0
1.0,-41.0,-34.0,-32.0,-28.0,-26.0,-21.0,-18.0,-10.0,-13.0,-7.0,-7.0,-7.0,-5.0,-1.0,0.0,-3.0
1.0,-40.0,-36.0,-36.0,-42.0,-41.0,-42.0,-38.0,-38.0,-39.0,-31.0,-29.0,-20.0,-25.0,-23.0,-23.0,-23.0
1.0,-79.0,-72.0,-77.0,-77.0,-76.0,-79.0,-79.0,-75.0,-75.0,-75.0,-72.0,-69.0,-71.0,-74.0,-77.0,-80.0
1.0,-38.0,-35.0,-34.0,-32.0,-34.0,-39.0,-32.0,-31.0,-24.0,-26.0,-26.0,-22.0,-27.0,-25.0,-19.0,-16.0
1.0,-254.0,-236.0,-208.0,-172.0,-155.0,-140.0,-116.0,-95.0,-69.0,-48.0,-38.0,-30.0,-22.0,-24.0,-27.0,-26.0
1.0,-127.0,-126.0,-122.0,-126.0,-128.0,-126.0,-136.0,-146.0,-149.0,-143.0,-149.0,-139.0,-138.0,-141.0,-137.0,-140.0
1.0,31.0,33.0,31.0,31.0,32.0,33.0,36.0,34.0,31.0,35.0,30.0,29.0,27.0,25.0,17.0,15.0
1.0,-54.0,-55.0,-57.0,-59.0,-59.0,-60.0,-60.0,-64.0,-61.0,-63.0,-63.0,-69.0,-64.0,-62.0,-66.0,-64.0
1.0,-51.0,-48.0,-50.0,-46.0,-48.0,-49.0,-49.0,-47.0,-46.0,-47.0,-46.0,-46.0,-46.0,-45.0,-46.0,-41.0
1.0,-316.0,-326.0,-325.0,-312.0,-292.0,-262.0,-224.0,-185.0,-163.0,-152.0,-135.0,-114.0,-91.0,-62.0,-50.0,-38.0
1.0,-47.0,-50.0,-50.0,-51.0,-53.0,-60.0,-67.0,-75.0,-75.0,-77.0,-73.0,-73.0,-76.0,-76.0,-71.0,-68.0
1.0,-10.0,-8.0,-9.0,-6.0,-8.0,-9.0,-5.0,-5.0,-4.0,0.0,-2.0,-2.0,-1.0,2.0,1.0,0.0
1.0,-10.0,-9.0,-10.0,-10.0,-10.0,-12.0,-8.0,-7.0,-14.0,-15.0,-16.0,-24.0,-23.0,-26.0,-22.0,-30.0
1.0,-37.0,-36.0,-36.0,-36.0,-34.0,-30.0,-24.0,-21.0,-24.0,-21.0,-20.0,-25.0,-22.0,-19.0,-16.0,-11.0
1.0,-169.0,-160.0,-155.0,-151.0,-155.0,-141.0,-150.0,-205.0,-251.0,-255.0,-266.0,-280.0,-276.0,-259.0,-246.0,-253.0
1.0,-28.0,-30.0,-31.0,-29.0,-28.0,-28.0,-25.0,-26.0,-29.0,-27.0,-27.0,-34.0,-31.0,-30.0,-30.0,-29.0
1.0,-69.0,-68.0,-68.0,-67.0,-66.0,-65.0,-69.0,-68.0,-67.0,-70.0,-63.0,-67.0,-66.0,-68.0,-67.0,-68.0
1.0,-18.0,-14.0,-13.0,-11.0,-9.0,-4.0,0.0,0.0,3.0,10.0,11.0,15.0,16.0,15.0,19.0,19.0
1.0,-64.0,-67.0,-64.0,-63.0,-67.0,-64.0,-67.0,-63.0,-71.0,-70.0,-67.0,-69.0,-76.0,-70.0,-64.0,-64.0
1.0,-69.0,-73.0,-72.0,-72.0,-70.0,-70.0,-67.0,-70.0,-71.0,-71.0,-69.0,-74.0,-71.0,-69.0,-72.0,-73.0
1.0,-195.0,-218.0,-231.0,-232.0,-250.0,-280.0,-291.0,-307.0,-315.0,-310.0,-292.0,-264.0,-236.0,-198.0,-169.0,-161.0
1.0,-91.0,-91.0,-91.0,-90.0,-93.0,-91.0,-89.0,-92.0,-92.0,-91.0,-90.0,-88.0,-87.0,-89.0,-87.0,-92.0
1.0,-6.0,-4.0,-6.0,-2.0,4.0,3.0,7.0,9.0,4.0,5.0,2.0,2.0,2.0,-2.0,-1.0,-5.0
1.0,24.0,28.0,28.0,25.0,25.0,22.0,17.0,12.0,11.0,10.0,4.0,7.0,3.0,-1.0,-3.0,-8.0
1.0,-44.0,-47.0,-45.0,-41.0,-42.0,-41.0,-40.0,-38.0,-37.0,-34.0,-31.0,-32.0,-30.0,-27.0,-23.0,-23.0
1.0,-68.0,-71.0,-79.0,-84.0,-83.0,-81.0,-78.0,-76.0,-79.0,-74.0,-74.0,-76.0,-76.0,-78.0,-76.0,-76.0
1.0,-23.0,-31.0,-32.0,-32.0,-32.0,-35.0,-33.0,-39.0,-46.0,-49.0,-48.0,-53.0,-56.0,-56.0,-54.0,-54.0
1.0,-28.0,-20.0,-23.0,-19.0,-14.0,-14.0,-17.0,-14.0,-8.0,-7.0,-4.0,-4.0,-1.0,4.0,7.0,5.0
1.0,-40.0,-45.0,-50.0,-45.0,-44.0,-50.0,-48.0,-51.0,-59.0,-61.0,-64.0,-70.0,-73.0,-71.0,-73.0,-72.0
1.0,-3.0,0.0,-3.0,-5.0,-7.0,-11.0,-11.0,-15.0,-20.0,-25.0,-29.0,-31.0,-38.0,-40.0,-41.0,-47.0
1.0,-37.0,-39.0,-39.0,-31.0,-30.0,-20.0,-16.0,-16.0,-25.0,-28.0,-19.0,-35.0,-30.0,-19.0,-17.0,-15.0
1.0,-14.0,-15.0,-19.0,-23.0,-27.0,-30.0,-32.0,-35.0,-40.0,-43.0,-42.0,-47.0,-48.0,-48.0,-47.0,-46.0
1.0,24.0,22.0,22.0,14.0,14.0,12.0,4.0,4.0,-2.0,-4.0,-9.0,-11.0,-14.0,-17.0,-20.0,-22.0
1.0,-91.0,-73.0,-67.0,-54.0,-48.0,-49.0,-51.0,-46.0,-46.0,-44.0,-42.0,-40.0,-44.0,-43.0,-42.0,-43.0
1.0,-84.0,-82.0,-84.0,-85.0,-85.0,-84.0,-84.0,-87.0,-82.0,-88.0,-84.0,-85.0,-84.0,-85.0,-83.0,-86.0
1.0,38.0,41.0,48.0,52.0,55.0,58.0,63.0,66.0,68.0,70.0,73.0,71.0,74.0,74.0,71.0,63.0
1.0,-54.0,-56.0,-57.0,-55.0,-54.0,-57.0,-55.0,-58.0,-64.0,-68.0,-67.0,-72.0,-72.0,-73.0,-76.0,-72.0
1.0,-93.0,-100.0,-103.0,-108.0,-113.0,-120.0,-125.0,-133.0,-147.0,-165.0,-179.0,-188.0,-188.0,-178.0,-190.0,-217.0
1.0,30.0,32.0,30.0,27.0,21.0,22.0,25.0,14.0,4.0,2.0,9.0,7.0,8.0,11.0,9.0,3.0
1.0,-37.0,-41.0,-39.0,-39.0,-42.0,-39.0,-44.0,-45.0,-43.0,-39.0,-40.0,-40.0,-39.0,-38.0,-39.0,-40.0
1.0,-31.0,-30.0,-29.0,-28.0,-29.0,-24.0,-29.0,-23.0,-23.0,-18.0,-22.0,-20.0,-15.0,-15.0,-12.0,-8.0
1.0,-36.0,-34.0,-32.0,-35.0,-37.0,-39.0,-39.0,-35.0,-38.0,-39.0,-38.0,-35.0,-37.0,-38.0,-40.0,-35.0
1.0,-48.0,-43.0,-48.0,-43.0,-45.0,-41.0,-38.0,-36.0,-39.0,-35.0,-32.0,-32.0,-30.0,-27.0,-27.0,-21.0
1.0,-185.0,-217.0,-269.0,-288.0,-282.0,-272.0,-273.0,-276.0,-277.0,-276.0,-261.0,-227.0,-193.0,-158.0,-129.0,-113.0
1.0,-80.0,-76.0,-82.0,-80.0,-79.0,-82.0,-82.0,-86.0,-81.0,-83.0,-86.0,-80.0,-77.0,-78.0,-76.0,-73.0
1.0,45.0,45.0,37.0,35.0,27.0,25.0,19.0,18.0,14.0,4.0,7.0,0.0,-1.0,2.0,-8.0,-6.0
1.0,-16.0,-8.0,-6.0,-10.0,-10.0,-11.0,-15.0,-16.0,-17.0,-19.0,-21.0,-25.0,-29.0,-34.0,-38.0,-41.0
1.0,27.0,25.0,25.0,20.0,17.0,16.0,15.0,10.0,2.0,-1.0,-6.0,-6.0,-10.0,-11.0,-16.0,-21.0
1.0,-121.0,-125.0,-128.0,-126.0,-128.0,-132.0,-134.0,-130.0,-132.0,-136.0,-133.0,-135.0,-138.0,-141.0,-139.0,-141.0
1.0,-38.0,-40.0,-44.0,-42.0,-42.0,-45.0,-45.0,-42.0,-43.0,-41.0,-43.0,-48.0,-46.0,-48.0,-47.0,-51.0
1.0,-43.0,-47.0,-45.0,-49.0,-51.0,-46.0,-48.0,-50.0,-51.0,-49.0,-48.0,-51.0,-49.0,-53.0,-53.0,-53.0
1.0,-213.0,-231.0,-254.0,-254.0,-261.0,-274.0,-284.0,-280.0,-257.0,-232.0,-194.0,-166.0,-153.0,-137.0,-114.0,-88.0
1.0,17.0,15.0,12.0,7.0,2.0,3.0,-1.0,-7.0,-7.0,-11.0,-13.0,-23.0,-26.0,-32.0,-37.0,-39.0
1.0,-64.0,-68.0,-69.0,-69.0,-70.0,-70.0,-72.0,-73.0,-70.0,-75.0,-73.0,-71.0,-77.0,-74.0,-72.0,-74.0
1.0,92.0,87.0,90.0,88.0,90.0,88.0,83.0,77.0,69.0,67.0,57.0,55.0,54.0,40.0,36.0,27.0
1.0,30.0,29.0,25.0,21.0,18.0,11.0,5.0,-1.0,-4.0,-10.0,-14.0,-18.0,-21.0,-28.0,-37.0,-35.0
1.0,-49.0,-48.0,-46.0,-44.0,-46.0,-50.0,-46.0,-45.0,-46.0,-47.0,-45.0,-49.0,-49.0,-47.0,-43.0,-45.0
1.0,-92.0,-89.0,-92.0,-91.0,-98.0,-96.0,-99.0,-104.0,-103.0,-102.0,-101.0,-104.0,-106.0,-105.0,-105.0,-104.0
1.0,-2.0,1.0,13.0,2.0,-1.0,-1.0,-5.0,-3.0,-4.0,-10.0,-10.0,-1.0,6.0,3.0,-6.0,-4.0
1.0,-67.0,-66.0,-65.0,-66.0,-63.0,-65.0,-60.0,-60.0,-56.0,-58.0,-62.0,-67.0,-74.0,-76.0,-76.0,-77.0
1.0,0.0,-3.0,-4.0,-9.0,-12.0,-15.0,-19.0,-18.0,-20.0,-22.0,-18.0,-15.0,-16.0,-12.0,-12.0,-16.0
1.0,-125.0,-142.0,-154.0,-165.0,-170.0,-168.0,-158.0,-163.0,-180.0,-188.0,-191.0,-205.0,-222.0,-219.0,-228.0,-244.0
1.0,-121.0,-130.0,-146.0,-153.0,-139.0,-157.0,-184.0,-202.0,-202.0,-214.0,-224.0,-232.0,-249.0,-262.0,-266.0,-253.0
1.0,26.0,23.0,26.0,27.0,29.0,32.0,32.0,34.0,39.0,39.0,45.0,42.0,46.0,43.0,47.0,45.0
1.0,22.0,22.0,21.0,25.0,22.0,22.0,23.0,23.0,25.0,25.0,23.0,28.0,25.0,29.0,32.0,31.0
1.0,-42.0,-38.0,-40.0,-47.0,-52.0,-50.0,-47.0,-50.0,-52.0,-50.0,-49.0,-49.0,-53.0,-53.0,-57.0,-59.0
1.0,-72.0,-71.0,-71.0,-72.0,-75.0,-79.0,-80.0,-89.0,-88.0,-92.0,-100.0,-108.0,-113.0,-128.0,-142.0,-160.0
1.0,-41.0,-42.0,-46.0,-45.0,-46.0,-45.0,-47.0,-47.0,-48.0,-48.0,-48.0,-49.0,-45.0,-45.0,-45.0,-46.0
1.0,-32.0,-36.0,-39.0,-49.0,-53.0,-54.0,-64.0,-73.0,-85.0,-100.0,-114.0,-133.0,-150.0,-164.0,-171.0,-181.0
1.0,-44.0,-54.0,-53.0,-55.0,-53.0,-52.0,-51.0,-51.0,-57.0,-62.0,-64.0,-67.0,-69.0,-68.0,-72.0,-69.0
1.0,-78.0,-80.0,-80.0,-78.0,-78.0,-79.0,-80.0,-77.0,-82.0,-81.0,-78.0,-77.0,-77.0,-75.0,-80.0,-80.0
1.0,-14.0,-16.0,-21.0,-28.0,-33.0,-29.0,-37.0,-36.0,-35.0,-40.0,-45.0,-51.0,-46.0,-53.0,-56.0,-58.0
1.0,4.0,3.0,5.0,-2.0,-4.0,5.0,9.0,-1.0,-10.0,-14.0,-4.0,-4.0,-12.0,-20.0,-20.0,-15.0
1.0,-75.0,-75.0,-78.0,-74.0,-77.0,-79.0,-75.0,-76.0,-78.0,-79.0,-78.0,-79.0,-80.0,-76.0,-80.0,-78.0
1.0,480.0,475.0,479.0,475.0,471.0,472.0,471.0,462.0,463.0,458.0,465.0,463.0,461.0,452.0,442.0,444.0
1.0,-52.0,-52.0,-56.0,-64.0,-69.0,-76.0,-78.0,-74.0,-72.0,-74.0,-72.0,-71.0,-72.0,-74.0,-72.0,-71.0
1.0,-41.0,-48.0,-47.0,-42.0,-40.0,-45.0,-47.0,-47.0,-49.0,-43.0,-46.0,-47.0,-51.0,-46.0,-50.0,-52.0
1.0,-269.0,-272.0,-266.0,-266.0,-256.0,-231.0,-200.0,-171.0,-130.0,-103.0,-89.0,-79.0,-75.0,-65.0,-64.0,-63.0
1.0,-25.0,-16.0,-18.0,-18.0,-15.0,-15.0,-14.0,-12.0,-15.0,-14.0,-10.0,-9.0,-6.0,-4.0,-5.0,-6.0
1.0,-73.0,-77.0,-77.0,-80.0,-86.0,-88.0,-95.0,-98.0,-109.0,-128.0,-144.0,-157.0,-169.0,-163.0,-167.0,-192.0
1.0,-78.0,-72.0,-77.0,-74.0,-78.0,-77.0,-79.0,-78.0,-79.0,-79.0,-78.0,-78.0,-80.0,-77.0,-79.0,-80.0
1.0,-22.0,-26.0,-24.0,-25.0,-26.0,-29.0,-32.0,-28.0,-30.0,-32.0,-26.0,-28.0,-28.0,-27.0,-21.0,-25.0
1.0,-40.0,-43.0,-42.0,-41.0,-46.0,-42.0,-43.0,-47.0,-41.0,-40.0,-42.0,-44.0,-45.0,-43.0,-42.0,-42.0
1.0,-64.0,-64.0,-64.0,-73.0,-71.0,-78.0,-75.0,-74.0,-78.0,-85.0,-88.0,-92.0,-99.0,-117.0,-139.0,-155.0
1.0,-81.0,-88.0,-90.0,-89.0,-90.0,-91.0,-93.0,-97.0,-90.0,-88.0,-85.0,-85.0,-83.0,-79.0,-79.0,-79.0
1.0,-75.0,-80.0,-80.0,-79.0,-79.0,-82.0,-80.0,-82.0,-74.0,-75.0,-69.0,-73.0,-70.0,-74.0,-83.0,-88.0
1.0,-73.0,-70.0,-70.0,-73.0,-73.0,-71.0,-74.0,-72.0,-71.0,-69.0,-67.0,-71.0,-69.0,-69.0,-70.0,-71.0
1.0,-64.0,-64.0,-69.0,-64.0,-64.0,-63.0,-60.0,-62.0,-59.0,-59.0,-56.0,-55.0,-55.0,-48.0,-48.0,-48.0
1.0,1.0,-1.0,5.0,11.0,12.0,7.0,7.0,13.0,11.0,3.0,0.0,4.0,1.0,-1.0,0.0,-4.0
1.0,-113.0,-118.0,-133.0,-147.0,-160.0,-181.0,-187.0,-197.0,-205.0,-192.0,-178.0,-178.0,-177.0,-160.0,-148.0,-145.0
1.0,-151.0,-159.0,-139.0,-127.0,-137.0,-144.0,-143.0,-146.0,-144.0,-136.0,-159.0,-224.0,-258.0,-262.0,-263.0,-261.0
1.0,-307.0,-306.0,-296.0,-273.0,-256.0,-234.0,-205.0,-195.0,-188.0,-184.0,-178.0,-160.0,-137.0,-112.0,-90.0,-76.0
1.0,36.0,35.0,32.0,31.0,29.0,26.0,22.0,19.0,17.0,14.0,9.0,5.0,3.0,1.0,-2.0,-8.0
1.0,-61.0,-61.0,-51.0,-52.0,-48.0,-51.0,-53.0,-51.0,-51.0,-48.0,-49.0,-49.0,-45.0,-47.0,-42.0,-43.0
1.0,-101.0,-78.0,-65.0,-53.0,-52.0,-48.0,-41.0,-41.0,-36.0,-40.0,-40.0,-35.0,-40.0,-37.0,-36.0,-41.0
1.0,-80.0,-77.0,-80.0,-87.0,-88.0,-91.0,-91.0,-95.0,-94.0,-94.0,-97.0,-98.0,-97.0,-102.0,-98.0,-98.0
1.0,47.0,44.0,41.0,38.0,36.0,34.0,28.0,28.0,24.0,22.0,16.0,16.0,13.0,8.0,12.0,12.0
1.0,-27.0,-24.0,-22.0,-22.0,-22.0,-14.0,-18.0,-20.0,-20.0,-20.0,-19.0,-15.0,-16.0,-10.0,-12.0,-8.0
1.0,-179.0,-164.0,-151.0,-132.0,-102.0,-79.0,-60.0,-51.0,-36.0,-31.0,-31.0,-33.0,-31.0,-34.0,-42.0,-38.0
1.0,-135.0,-153.0,-169.0,-176.0,-184.0,-179.0,-183.0,-209.0,-227.0,-231.0,-238.0,-261.0,-273.0,-268.0,-288.0,-306.0
1.0,-71.0,-70.0,-74.0,-76.0,-77.0,-75.0,-74.0,-73.0,-71.0,-71.0,-73.0,-73.0,-73.0,-80.0,-79.0,-74.0
1.0,23.0,25.0,21.0,18.0,17.0,16.0,14.0,16.0,12.0,11.0,8.0,4.0,1.0,0.0,-2.0,-10.0
1.0,-61.0,-62.0,-56.0,-57.0,-52.0,-53.0,-54.0,-55.0,-49.0,-47.0,-43.0,-45.0,-43.0,-50.0,-52.0,-49.0
1.0,-48.0,-56.0,-55.0,-60.0,-63.0,-63.0,-67.0,-67.0,-64.0,-61.0,-59.0,-55.0,-52.0,-53.0,-62.0,-63.0
1.0,-111.0,-112.0,-115.0,-118.0,-120.0,-117.0,-117.0,-117.0,-111.0,-111.0,-111.0,-107.0,-109.0,-116.0,-125.0,-129.0
1.0,-44.0,-50.0,-43.0,-42.0,-42.0,-39.0,-32.0,-36.0,-38.0,-40.0,-53.0,-60.0,-60.0,-61.0,-59.0,-60.0
1.0,-77.0,-74.0,-79.0,-77.0,-76.0,-76.0,-74.0,-74.0,-74.0,-72.0,-66.0,-64.0,-64.0,-67.0,-66.0,-64.0
1.0,-156.0,-160.0,-163.0,-170.0,-177.0,-185.0,-203.0,-215.0,-230.0,-236.0,-230.0,-220.0,-236.0,-255.0,-254.0,-251.0
1.0,-177.0,-188.0,-199.0,-213.0,-225.0,-217.0,-199.0,-195.0,-182.0,-172.0,-160.0,-147.0,-131.0,-160.0,-228.0,-259.0
1.0,-14.0,-19.0,-20.0,-23.0,-20.0,-22.0,-25.0,-30.0,-29.0,-28.0,-35.0,-36.0,-34.0,-33.0,-34.0,-34.0
1.0,-88.0,-91.0,-91.0,-95.0,-93.0,-94.0,-94.0,-92.0,-100.0,-105.0,-114.0,-125.0,-130.0,-150.0,-165.0,-181.0
1.0,-66.0,-70.0,-69.0,-71.0,-73.0,-70.0,-71.0,-67.0,-67.0,-60.0,-60.0,-60.0,-58.0,-66.0,-76.0,-84.0
1.0,9.0,4.0,5.0,3.0,0.0,0.0,-6.0,-6.0,-11.0,-12.0,-14.0,-16.0,-16.0,-16.0,-23.0,-20.0
1.0,-215.0,-230.0,-238.0,-254.0,-264.0,-271.0,-267.0,-247.0,-231.0,-204.0,-172.0,-162.0,-158.0,-154.0,-145.0,-125.0
1.0,-32.0,-40.0,-41.0,-42.0,-48.0,-47.0,-53.0,-56.0,-52.0,-52.0,-56.0,-61.0,-61.0,-56.0,-63.0,-62.0
1.0,-85.0,-84.0,-83.0,-80.0,-85.0,-85.0,-85.0,-85.0,-86.0,-82.0,-85.0,-81.0,-83.0,-82.0,-85.0,-86.0
1.0,-71.0,-68.0,-70.0,-72.0,-70.0,-70.0,-70.0,-71.0,-70.0,-68.0,-69.0,-67.0,-66.0,-62.0,-65.0,-62.0
1.0,-21.0,-17.0,-16.0,-9.0,-9.0,-6.0,1.0,3.0,4.0,8.0,12.0,14.0,18.0,22.0,24.0,27.0
1.0,-65.0,-70.0,-83.0,-89.0,-89.0,-85.0,-84.0,-84.0,-80.0,-80.0,-80.0,-83.0,-77.0,-79.0,-80.0,-80.0
1.0,-43.0,-34.0,-35.0,-33.0,-31.0,-31.0,-26.0,-29.0,-23.0,-19.0,-17.0,-18.0,-7.0,-10.0,-10.0,-3.0
1.0,2.0,0.0,-2.0,-6.0,-9.0,-12.0,-13.0,-13.0,-17.0,-23.0,-24.0,-28.0,-32.0,-39.0,-35.0,-42.0
1.0,-61.0,-59.0,-60.0,-63.0,-57.0,-55.0,-54.0,-50.0,-53.0,-56.0,-59.0,-58.0,-57.0,-57.0,-51.0,-58.0
1.0,-87.0,-88.0,-86.0,-87.0,-87.0,-88.0,-88.0,-88.0,-84.0,-85.0,-89.0,-89.0,-89.0,-89.0,-87.0,-88.0
1.0,-140.0,-100.0,-62.0,-49.0,-32.0,-22.0,-20.0,-18.0,-11.0,-7.0,-13.0,-9.0,-7.0,-9.0,-15.0,-12.0
1.0,-38.0,-38.0,-42.0,-35.0,-38.0,-36.0,-37.0,-41.0,-47.0,-54.0,-57.0,-54.0,-58.0,-60.0,-58.0,-56.0
1.0,-1.0,-4.0,-10.0,-12.0,-16.0,-20.0,-21.0,-26.0,-28.0,-28.0,-33.0,-30.0,-34.0,-33.0,-37.0,-38.0
1.0,-69.0,-72.0,-71.0,-71.0,-77.0,-80.0,-84.0,-87.0,-89.0,-94.0,-99.0,-109.0,-117.0,-127.0,-143.0,-156.0
1.0,-4.0,-9.0,-12.0,-13.0,-17.0,-22.0,-22.0,-22.0,-27.0,-29.0,-27.0,-31.0,-32.0,-30.0,-30.0,-28.0
1.0,5.0,4.0,4.0,5.0,0.0,-7.0,-6.0,-5.0,-9.0,-12.0,-15.0,-16.0,-20.0,-22.0,-27.0,-28.0
1.0,-48.0,-51.0,-55.0,-55.0,-66.0,-72.0,-77.0,-95.0,-112.0,-133.0,-151.0,-161.0,-164.0,-175.0,-186.0,-193.0
1.0,-53.0,-53.0,-53.0,-65.0,-65.0,-59.0,-47.0,-45.0,-42.0,-46.0,-52.0,-53.0,-50.0,-54.0,-52.0,-51.0
1.0,-52.0,-56.0,-57.0,-55.0,-55.0,-51.0,-53.0,-55.0,-53.0,-55.0,-54.0,-54.0,-55.0,-54.0,-50.0,-53.0
1.0,-78.0,-83.0,-78.0,-79.0,-80.0,-75.0,-80.0,-75.0,-81.0,-78.0,-79.0,-78.0,-80.0,-83.0,-86.0,-91.0
1.0,-90.0,-84.0,-81.0,-84.0,-83.0,-84.0,-82.0,-82.0,-81.0,-77.0,-79.0,-80.0,-81.0,-80.0,-79.0,-80.0
1.0,-69.0,-79.0,-82.0,-84.0,-79.0,-80.0,-83.0,-81.0,-79.0,-73.0,-69.0,-66.0,-67.0,-73.0,-75.0,-85.0
1.0,-50.0,-50.0,-50.0,-49.0,-49.0,-45.0,-46.0,-45.0,-41.0,-37.0,-36.0,-37.0,-32.0,-33.0,-27.0,-25.0
1.0,-140.0,-141.0,-138.0,-119.0,-96.0,-71.0,-50.0,-28.0,-18.0,-5.0,-3.0,-1.0,2.0,1.0,2.0,2.0
1.0,-124.0,-124.0,-129.0,-124.0,-131.0,-127.0,-130.0,-130.0,-126.0,-128.0,-132.0,-134.0,-143.0,-145.0,-153.0,-167.0
1.0,-2.0,2.0,7.0,8.0,15.0,14.0,18.0,18.0,16.0,17.0,21.0,25.0,24.0,20.0,19.0,20.0
1.0,-59.0,-64.0,-76.0,-80.0,-79.0,-79.0,-74.0,-74.0,-75.0,-75.0,-78.0,-71.0,-78.0,-75.0,-76.0,-74.0
1.0,-109.0,-109.0,-109.0,-109.0,-109.0,-113.0,-111.0,-112.0,-107.0,-110.0,-107.0,-111.0,-110.0,-112.0,-112.0,-110.0
1.0,-247.0,-216.0,-181.0,-173.0,-179.0,-176.0,-163.0,-151.0,-135.0,-114.0,-96.0,-89.0,-78.0,-74.0,-72.0,-74.0
1.0,-64.0,-62.0,-69.0,-83.0,-89.0,-87.0,-85.0,-85.0,-85.0,-84.0,-84.0,-83.0,-83.0,-83.0,-84.0,-84.0
1.0,-23.0,-34.0,-39.0,-43.0,-42.0,-44.0,-51.0,-47.0,-50.0,-51.0,-43.0,-46.0,-41.0,-36.0,-42.0,-39.0
1.0,-99.0,-109.0,-113.0,-115.0,-131.0,-152.0,-170.0,-193.0,-209.0,-212.0,-228.0,-229.0,-229.0,-235.0,-255.0,-264.0
1.0,-113.0,-120.0,-115.0,-111.0,-108.0,-106.0,-109.0,-107.0,-105.0,-107.0,-116.0,-115.0,-114.0,-117.0,-126.0,-126.0
1.0,-49.0,-52.0,-43.0,-43.0,-45.0,-45.0,-45.0,-47.0,-59.0,-65.0,-68.0,-66.0,-70.0,-67.0,-63.0,-67.0
1.0,-34.0,-36.0,-32.0,-34.0,-34.0,-32.0,-31.0,-30.0,-28.0,-30.0,-27.0,-24.0,-26.0,-24.0,-22.0,-21.0
1.0,-144.0,-162.0,-168.0,-162.0,-167.0,-196.0,-219.0,-226.0,-238.0,-253.0,-259.0,-270.0,-279.0,-276.0,-272.0,-255.0
